3580360
3176769
2568224
2226534
1963104
1943443
1935327
1851003
1700404
1622851
1488679
1467463
1441520
1424722
1200766
1188689
1079063
1057930
1022985
990437
851163
837489
828911
802078
781841
769432
748867
743376
737299
725078
711541
702764
664933
655163
650192
627983
600897
595442
578027
573928
569297
553780
537497
521574
519752
512758
510941
504653
501266
485569
475391
469868
460723
456211
438625
438182
436332
377594
372246
367030
365414
364167
355187
351154
336711
328914
326748
314506
313163
306128
302452
290368
289220
286635
270506
269837
268235
262024
260216
257619
253394
253069
246747
235956
231609
229281
225447
211064
205973
204261
203390
203328
203215
195144
184679
181368
181357
171955
171769
170100
169382
166146
163939
158104
152796
152775
151735
151360
150943
147843
147212
145620
143328
142546
140152
138938
138568
136113
135394
132069
131476
129242
127107
127046
124714
124696
118757
117911
116424
114005
112132
111299
105624
103603
102748
102080
99264
97324
95713
94366
92066
91787
88666
87140
85883
85248
84349
82059
81790
80880
80444
79496
79368
72008
71151
70719
70552
70123
69451
68292
68091
65781
65539
65526
64255
62627
61513
60578
60261
59962
59024
58472
53984
53930
53891
53732
53014
52866
51260
51050
50922
50174
49035
47376
46912
46783
46338
46151
44648
44488
44085
43202
43126
42798
41077
40770
39367
38604
38508
37115
36947
33862
33133
32363
31624
27993
26300
25540
25019
24196
23891
23210
23143
22920
22254
22176
21652
20561
20530
20258
19703
19031
19021
19012
18613
18373
18228
17911
16756
16200
15926
14897
14813
14672
14253
13872
13490
13426
13280
13192
13045
12392
12115
11882
11037
10820
10527
10044
9513
9201
9078
8778
8088
7586
7581
7319
7187
6995
6873
6684
6299
6175
6007
5984
5932
5928
5622
5609
5599
5343
5325
5278
5229
5138
5098
5089
4761
4591
4490
4368
4318
4316
4196
4170
4028
4018
3952
3813
3583
3548
3423
3356
3093
2949
2673
2639
2619
2523
2493
2215
2085
2047
1949
1927
1910
1897
1888
1732
1725
1720
1692
1674
1620
1618
1561
1521
1501
1438
1419
1419
1394
1340
1297
1276
1249
1235
1216
1178
1168
1160
1147
1133
1129
1110
1079
1070
1057
1005
999
969
958
957
933
914
909
898
886
866
816
813
812
802
797
792
786
774
766
741
723
713
703
687
664
643
595
588
585
572
548
542
528
507
470
468
427
415
409
387
328
261
232
228
182
147
