7093133
5239775
4726891
4601791
4557788
3900873
3818277
3576083
3467926
3421040
3383489
3237069
3232705
3039398
2982134
2900073
2868019
2824520
2791930
2651852
2584684
2516018
2506607
2483006
2246289
2010592
1932630
1916897
1745609
1548859
1458229
1439538
1406624
1370298
1369013
1357283
1304299
1253041
1185939
1057968
990164
943287
921850
894292
889610
862658
858366
837870
824108
818067
782210
773161
765917
748188
649612
641291
638762
633316
569949
525570
480468
479493
473579
433471
428201
384618
375961
349989
341487
338774
338487
323310
316257
306897
305680
297688
289056
273872
270406
262861
256762
239456
237375
236701
213566
207262
206452
203384
193054
180841
173859
168798
157547
155526
133411
117072
108210
101915
96975
89230
87592
87062
73151
70250
69699
69510
69149
63775
61779
59918
59274
56992
54694
51845
51483
50117
49375
48954
46714
41027
39511
39101
38759
38354
37789
36491
35615
33414
33156
31165
30398
30249
29377
28925
28132
27422
27135
25605
23898
23742
23440
22718
22677
21292
19840
18753
17954
17586
17253
17124
17082
16598
16351
15389
14970
14636
14351
13878
13650
13064
12426
11900
10789
10662
10642
10393
9794
9665
9580
9334
9294
8881
8833
8827
8791
8778
8571
8513
8494
8209
7894
7859
7851
7816
7540
7435
7390
7329
7163
6949
6875
6851
6712
6707
6677
6523
6477
6463
6452
6299
6220
6161
5982
5977
5962
5912
5874
5803
5663
5563
5409
5211
5192
5172
5129
5106
5045
5039
4683
4574
4561
4552
4430
4361
4266
4162
4063
4063
4008
3980
3980
3955
3887
3866
3865
3847
3731
3731
3699
3690
3652
3473
3454
3415
3229
3208
3201
3189
3188
3129
3003
2930
2842
2813
2774
2748
2674
2667
2651
2617
2605
2587
2558
2545
2526
2499
2302
2269
2216
2204
2161
2091
2081
2076
2032
2008
1977
1951
1913
1907
1838
1761
1740
1699
1696
1689
1686
1675
1671
1621
1609
1592
1506
1488
1484
1484
1483
1451
1441
1428
1426
1396
1393
1384
1347
1322
1307
1302
1296
1264
1251
1241
1217
1209
1153
1064
1022
1009
988
984
948
946
937
936
930
930
909
902
902
885
826
799
746
744
732
731
712
700
700
685
684
648
641
620
607
598
598
595
593
542
532
514
512
511
486
454
429
415
378
373
370
366
358
331
312
307
306
297
275
233
222
180
176
173
155
126
115
104
98
79
77
71
53
44
