4040021
3447182
2262142
1073891
806715
777499
735650
732011
697177
681134
667138
654156
622225
615137
600591
588412
551565
544718
538475
529429
506789
479928
458725
454184
448041
445209
409265
359556
356292
354571
353907
352148
346421
323775
301244
287507
283686
283639
274646
273700
270275
267073
266803
266466
261058
257929
246513
243780
235773
230862
228324
220950
214820
209570
206902
206765
201285
199727
196908
193554
186479
185288
174720
170190
167529
161464
159037
157483
156707
154916
154556
150238
147704
146273
142805
140098
139826
136984
136494
135444
134549
130373
128926
124821
123820
119408
118694
116105
108691
108579
106489
101025
100139
97721
97208
93869
89339
88528
83306
81575
78898
78658
77174
76014
75945
75625
72408
66940
66939
65988
65060
64107
63464
63252
63059
62213
61592
58933
57834
53941
52934
51901
49750
49235
48873
47351
47304
46064
44229
43929
42673
42139
41960
41819
40258
35244
33449
32441
31968
31607
27878
27423
27289
27284
26820
26009
25334
24928
24555
23668
23183
22448
22390
22335
22307
22045
21659
21424
19364
19129
18367
17582
17073
16808
15831
15447
14216
13659
13440
12626
12179
11616
11252
11034
10892
10624
10325
10298
10236
10153
10062
9709
9691
9293
9180
9058
9010
8912
8711
8518
8431
7893
7869
7771
7527
7454
7203
7127
7011
6991
6980
6863
6807
6673
6499
6103
6059
5959
5909
5731
5708
5646
5471
5468
5379
5311
5253
5231
5219
5196
5154
5037
4926
4749
4650
4638
4419
4196
4049
3967
3907
3884
3881
3737
3710
3621
3386
3362
3330
3222
3176
3164
3150
3124
3072
3059
3015
2951
2930
2821
2686
2655
2589
2580
2573
2465
2363
2241
2065
1982
1881
1849
1824
1739
1720
1666
1658
1645
1585
1542
1450
1429
1380
1368
1350
1277
1217
1205
1192
1176
1170
1147
1127
1097
1069
1043
1036
982
960
953
921
899
881
827
785
776
776
771
742
732
723
715
713
701
647
641
631
621
607
603
602
589
588
554
544
540
524
521
508
486
486
469
461
460
445
444
411
394
390
362
362
354
353
349
349
348
339
335
329
317
315
297
292
285
280
276
274
266
262
251
251
251
250
243
239
227
223
220
218
216
211
206
203
202
199
191
189
179
178
178
172
164
162
158
153
148
133
133
118
118
110
92
66
35
