sample	category	mapped	unique	total	unique/total	gfp	PF_BASES	PF_ALIGNED_BASES	RIBOSOMAL_BASES	CODING_BASES	UTR_BASES	INTRONIC_BASES	INTERGENIC_BASES	IGNORED_READS	CORRECT_STRAND_READS	INCORRECT_STRAND_READS	NUM_R1_TRANSCRIPT_STRAND_READS	NUM_R2_TRANSCRIPT_STRAND_READS	NUM_UNEXPLAINED_READS	PCT_R1_TRANSCRIPT_STRAND_READS	PCT_R2_TRANSCRIPT_STRAND_READS	PCT_RIBOSOMAL_BASES	PCT_CODING_BASES	PCT_UTR_BASES	PCT_INTRONIC_BASES	PCT_INTERGENIC_BASES	PCT_MRNA_BASES	PCT_USABLE_BASES	PCT_CORRECT_STRAND_READS	MEDIAN_CV_COVERAGE	MEDIAN_5PRIME_BIAS	MEDIAN_3PRIME_BIAS	MEDIAN_5PRIME_TO_3PRIME_BIAS
FACS_GBM63_T_10_S169	GBM63_T	5132	3560	275602	0.012917178	2	351406	342599	19395	119198	39814	98818	65374	0	0	0	315	352	5	0.472264	0.527736	0.056611	0.347923	0.116212	0.288436	0.190818	0.464134	0.452502	0	0.83914	0.23176	0.56443	0
FACS_GBM63_T_11_S177	GBM63_T	258579	185530	612648	0.302832948	610	18360077	18188704	555309	13217288	3414402	739404	262301	0	0	0	32727	32169	592	0.504299	0.495701	0.03053	0.726676	0.187721	0.040652	0.014421	0.914397	0.905862	0	0.834635	0.505029	0.398392	0.302869
FACS_GBM63_T_12_S185	GBM63_T	1824	894	158734	0.005632064	0	83178	79512	2329	6363	11475	34190	25155	0	0	0	33	52	0	0.388235	0.611765	0.029291	0.080026	0.144318	0.429998	0.316367	0.224343	0.214456	0	1.652659	0	0	0
FACS_GBM63_T_13_S98	GBM63_T	7548	7110	44544	0.159617457	8	665120	643820	12840	390942	112002	50327	77709	0	0	0	361	355	10	0.50419	0.49581	0.019943	0.607223	0.173965	0.078169	0.1207	0.781187	0.75617	0	0.862986	0.43338	0.932325	0.307692
FACS_GBM63_T_14_S106	GBM63_T	260812	198326	302134	0.656417351	786	19296846	19122306	783575	11356457	4309977	2283908	388389	0	0	0	30363	30226	502	0.501131	0.498869	0.040977	0.593885	0.22539	0.119437	0.020311	0.819275	0.811865	0	0.921004	0.488045	0.358755	0.091549
FACS_GBM63_T_15_S114	GBM63_T	34420	27932	411032	0.06795578	206	2783965	2765495	23810	2010905	624136	64866	41778	0	0	0	5404	5410	70	0.499723	0.500277	0.00861	0.727141	0.225687	0.023455	0.015107	0.952828	0.946507	0	0.957198	0.410969	0.446403	0
FACS_GBM63_T_16_S122	GBM63_T	3740	3382	22424	0.150820549	2	322220	318396	10463	218126	62106	7550	20151	0	0	0	537	580	4	0.480752	0.519248	0.032862	0.685078	0.195059	0.023713	0.063289	0.880137	0.869692	0	0.896358	0.7009	0.061132	0
FACS_GBM63_T_17_S130	GBM63_T	6804	6264	20188	0.310283337	18	605182	593726	26629	298007	143488	90798	34804	0	0	0	729	741	9	0.495918	0.504082	0.044851	0.501927	0.241674	0.152929	0.05862	0.743601	0.729524	0	0.836208	0.55853	0.426841	0.248858
FACS_GBM63_T_18_S138	GBM63_T	6731	5424	249712	0.021721023	14	539234	533411	23679	292450	111471	49965	55846	0	0	0	784	762	14	0.507115	0.492885	0.044392	0.548264	0.208978	0.093671	0.104696	0.757242	0.749064	0	0.91307	0.410334	0.368136	0
FACS_GBM63_T_19_S146	GBM63_T	4402	3362	359544	0.009350733	12	335689	332468	17183	215698	63887	21983	13717	0	0	0	537	512	14	0.511916	0.488084	0.051683	0.648778	0.19216	0.066121	0.041258	0.840938	0.832869	0	0.810865	0.517373	0.52508	0.087262
FACS_GBM63_T_1_S97	GBM63_T	324	290	1386	0.209235209	0	28882	28419	781	15691	5529	4136	2282	0	0	0	45	40	0	0.529412	0.470588	0.027482	0.552131	0.194553	0.145536	0.080298	0.746684	0.734714	0	0	0	0	0
FACS_GBM63_T_20_S154	GBM63_T	5098494	4254978	5236364	0.812582548	57476	426886230	423730889	30382730	293297896	74908651	16169058	8972554	0	0	0	703638	705737	12738	0.499255	0.500745	0.071703	0.69218	0.176784	0.038159	0.021175	0.868963	0.86254	0	0.521971	0.579995	0.552501	0.688689
FACS_GBM63_T_21_S162	GBM63_T	26850	26742	39450	0.677870722	2	2640104	2611805	6918	53646	2534811	13770	2660	0	0	0	6369	6782	5	0.484298	0.515702	0.002649	0.02054	0.970521	0.005272	0.001018	0.991061	0.980438	0	0.920799	0.582149	0.314807	1.303922
FACS_GBM63_T_22_S170	GBM63_T	7667168	6697753	8025390	0.834570407	10762	672540104	667905800	92268152	419491254	130182791	21263823	4699780	0	0	0	1072230	1080456	24564	0.498089	0.501911	0.138145	0.628069	0.194912	0.031837	0.007037	0.822981	0.81731	0	0.494119	0.534087	0.582913	0.679386
FACS_GBM63_T_23_S178	GBM63_T	95766	83730	197620	0.423691934	96	8392539	8333952	979655	5395804	1636546	262534	59413	0	0	0	13462	13999	319	0.490222	0.509778	0.11755	0.647448	0.196371	0.031502	0.007129	0.843819	0.837929	0	1.001612	0.316236	0.398175	0
FACS_GBM63_T_24_S186	GBM63_T	192	178	866	0.205542725	0	17819	17722	1390	11984	3175	769	404	0	0	0	22	34	0	0.392857	0.607143	0.078434	0.676222	0.179156	0.043392	0.022797	0.855377	0.850721	0	0	0	0	0
FACS_GBM63_T_25_S99	GBM63_T	2612166	2436022	2743506	0.887922972	24	241136489	238193285	3813924	143685089	75915967	12155360	2622945	0	0	0	418644	419379	5527	0.499561	0.500439	0.016012	0.603229	0.318716	0.051031	0.011012	0.921945	0.910692	0	0.871	0.218981	0.466155	0.002451
FACS_GBM63_T_26_S107	GBM63_T	2049990	1890604	2136820	0.884774572	78	187164096	185070163	5066429	111785461	51957713	13399976	2860584	0	0	0	310865	309473	4987	0.501122	0.498878	0.027376	0.604017	0.280746	0.072405	0.015457	0.884763	0.874864	0	0.734911	0.41627	0.472413	0.306033
FACS_GBM63_T_27_S115	GBM63_T	1852	1704	562698	0.003028267	0	169621	168071	4999	108683	40068	10478	3843	0	0	0	290	287	6	0.5026	0.4974	0.029743	0.646649	0.238399	0.062343	0.022865	0.885049	0.876961	0	0.913962	0.21213	0.471855	0.059524
FACS_GBM63_T_28_S123	GBM63_T	5146	5068	10620	0.477212806	0	497277	487147	1616	179325	288892	6715	10599	0	0	0	1104	1238	0	0.471392	0.528608	0.003317	0.368113	0.593028	0.013784	0.021757	0.961141	0.941562	0	0.907978	0.632575	0	0
FACS_GBM63_T_29_S131	GBM63_T	77916	73382	80562	0.910876095	108	6973230	6918124	126008	5097816	1497989	148412	47899	0	0	0	13184	13035	177	0.502841	0.497159	0.018214	0.736878	0.216531	0.021453	0.006924	0.953409	0.945875	0	1.084067	0.429074	0.293077	0
FACS_GBM63_T_2_S105	GBM63_T	234	208	40298	0.005161546	0	20080	19738	202	11130	3935	3477	994	0	0	0	24	35	0	0.40678	0.59322	0.010234	0.563887	0.199362	0.176158	0.05036	0.763249	0.750249	0	0	0	0	0
FACS_GBM63_T_30_S139	GBM63_T	5754284	5545599	5890658	0.941422673	1476	555278097	551654541	753943	407289488	127526457	12486751	3597902	0	0	0	1016032	1014859	11209	0.500289	0.499711	0.001367	0.738305	0.231171	0.022635	0.006522	0.969476	0.96315	0	0.581843	0.522908	0.44376	0.632483
FACS_GBM63_T_31_S147	GBM63_T	4720	4076	109712	0.037151816	2	400597	394668	3436	101070	46131	185433	58598	0	0	0	311	299	3	0.509836	0.490164	0.008706	0.256089	0.116886	0.469846	0.148474	0.372974	0.367454	0	0.838295	0.198826	0.369248	0.174029
FACS_GBM63_T_32_S155	GBM63_T	2286175	2054393	2393094	0.858467323	24402	205843332	204467752	7433311	152331514	37332062	4159004	3211861	0	0	0	362252	362785	6494	0.499632	0.500368	0.036354	0.745015	0.182582	0.020341	0.015708	0.927597	0.921398	0	0.561867	0.581033	0.521625	0.663643
FACS_GBM63_T_33_S163	GBM63_T	2224	1688	348668	0.004841282	2	163778	160522	1604	32767	12662	93804	19685	0	0	0	107	85	0	0.557292	0.442708	0.009992	0.204128	0.07888	0.584368	0.122631	0.283008	0.277382	0	1.141486	0.373148	0	0
FACS_GBM63_T_34_S171	GBM63_T	19372	19076	194864	0.097893916	0	1838847	1795464	5876	100317	1307873	371016	10382	0	0	0	3583	3542	4	0.502877	0.497123	0.003273	0.055872	0.728432	0.206641	0.005782	0.784304	0.765801	0	0.682292	0.508177	0.427014	0.636364
FACS_GBM63_T_35_S179	GBM63_T	107964	103980	280876	0.370198949	0	10182215	10033167	14885	4480511	673076	4585344	279351	0	0	0	12390	12405	152	0.499698	0.500302	0.001484	0.44657	0.067085	0.457019	0.027843	0.513655	0.506136	0	1.183118	0.276178	0.239623	0
FACS_GBM63_T_36_S187	GBM63_T	1258	1174	1184252	0.000991343	0	115251	113741	202	7113	3326	11932	91168	0	0	0	24	19	1	0.55814	0.44186	0.001776	0.062537	0.029242	0.104905	0.80154	0.091779	0.090576	0	0	0	0	0
FACS_GBM63_T_37_S100	GBM63_T	4879904	3972210	5178526	0.767054177	2566	397822739	393170010	13530335	226144243	94421413	51505289	7568730	0	0	0	612074	604647	10109	0.503052	0.496948	0.034413	0.575182	0.240154	0.131	0.019251	0.815336	0.8058	0	0.70021	0.452455	0.521092	0.305825
FACS_GBM63_T_38_S108	GBM63_T	433618	389248	1142950	0.340564329	2	39043162	38818945	4571	30235586	7260814	479671	838303	0	0	0	87391	85941	446	0.504183	0.495817	0.000118	0.778887	0.187043	0.012357	0.021595	0.96593	0.960383	0	1.095762	0.037725	0.275166	0
FACS_GBM63_T_39_S116	GBM63_T	9119295	8529934	9412276	0.906256255	27770	857383950	852070767	32249245	591710004	191151832	28368599	8591087	0	0	0	1539977	1536938	26286	0.500494	0.499506	0.037848	0.694438	0.224338	0.033294	0.010083	0.918776	0.913082	0	0.45044	0.64828	0.572554	0.80357
FACS_GBM63_T_3_S113	GBM63_T	1990	1884	4768	0.395134228	0	164746	162229	1010	19204	76887	63505	1623	0	0	0	229	280	0	0.449902	0.550098	0.006226	0.118376	0.473941	0.391453	0.010004	0.592317	0.583268	0	1.477982	0.427778	3.315	0.8
FACS_GBM63_T_40_S124	GBM63_T	21934	15344	733384	0.020922191	0	1529047	1502760	17143	395072	377121	274135	439289	0	0	0	1383	1485	14	0.482218	0.517782	0.011408	0.262898	0.250952	0.182421	0.292321	0.51385	0.505016	0	0.794069	0.49713	0.487778	0.719457
FACS_GBM63_T_41_S132	GBM63_T	129095	127698	507926	0.251410639	8	12759720	12494512	29874	9039599	2401072	499031	524936	0	0	0	26947	28234	74	0.488338	0.511662	0.002391	0.723486	0.19217	0.03994	0.042013	0.915656	0.896624	0	0.932322	0.32389	0.563969	0.087977
FACS_GBM63_T_42_S140	GBM63_T	85360	82738	531316	0.155722771	4	8248891	8120652	24402	3651519	1447638	2198009	799084	0	0	0	7393	7574	1276	0.493953	0.506047	0.003005	0.449658	0.178266	0.270669	0.098401	0.627925	0.618163	0	0.86124	0.51182	0.398209	0.281334
FACS_GBM63_T_43_S148	GBM63_T	24228	23158	583618	0.039680065	4	2256967	2205645	19925	227666	425379	223353	1309322	0	0	0	610	589	3	0.508757	0.491243	0.009034	0.10322	0.192859	0.101264	0.593623	0.296079	0.289346	0	0.852013	0.414613	0.569554	0.233831
FACS_GBM63_T_44_S156	GBM63_T	13616	13032	132598	0.098282025	12	1292106	1249168	17278	161395	58041	875497	136957	0	0	0	412	418	14	0.496386	0.503614	0.013832	0.129202	0.046464	0.700864	0.109639	0.175666	0.169828	0	0.822488	0.460576	0.802333	0
FACS_GBM63_T_45_S164	GBM63_T	383232	372500	832494	0.447450672	4	37476429	37119400	13694	22986595	8850274	1384763	3884074	0	0	0	68964	68324	5137	0.502331	0.497669	0.000369	0.619261	0.238427	0.037306	0.104637	0.857688	0.849517	0	0.808027	0.305973	0.336323	0.312618
FACS_GBM63_T_46_S172	GBM63_T	6202	5630	564268	0.009977528	2	563398	558310	19530	317267	102170	90326	29017	0	0	0	800	824	21	0.492611	0.507389	0.034981	0.568263	0.182999	0.161785	0.051973	0.751262	0.744477	0	0.822142	0.492977	0.629954	0.39521
FACS_GBM63_T_47_S180	GBM63_T	13657378	13111905	13902962	0.943101549	11376	1319847403	1310036037	8834709	981569051	306995911	7374108	5262258	0	0	0	2418743	2422436	32617	0.499619	0.500381	0.006744	0.749269	0.234342	0.005629	0.004017	0.98361	0.976298	0	0.516023	0.526758	0.54632	0.606885
FACS_GBM63_T_48_S188	GBM63_T	418	378	1144	0.33041958	0	37761	37391	2424	25192	5948	2705	1122	0	0	0	62	61	2	0.504065	0.495935	0.064828	0.673745	0.159076	0.072344	0.030007	0.832821	0.82466	0	0.802749	0.297722	0.823596	0.218978
FACS_GBM63_T_49_S101	GBM63_T	1844955	1689731	1973258	0.856315292	0	166977644	164810051	5156845	60887149	45533870	46961463	6270724	0	0	0	202484	202966	2291	0.499406	0.500594	0.03129	0.369438	0.276281	0.284943	0.038048	0.645719	0.637337	0	1.644612	0	0.586291	0
FACS_GBM63_T_4_S121	GBM63_T	9190	9030	39160	0.230592441	0	802905	790594	1339	423500	287199	72555	6001	0	0	0	1991	1954	8	0.504689	0.495311	0.001694	0.535673	0.36327	0.091773	0.00759	0.898943	0.88516	0	1.003596	0.11229	0.383657	0.000307
FACS_GBM63_T_50_S109	GBM63_T	3225	2954	63022	0.046872521	0	287326	283488	22137	86850	45175	81984	47342	0	0	0	287	314	11	0.477537	0.522463	0.078088	0.306362	0.159354	0.289197	0.166998	0.465716	0.459495	0	1.124069	0.056652	0.155261	0
FACS_GBM63_T_51_S117	GBM63_T	6427	6012	296106	0.02030354	4	601840	595014	5914	324755	94042	140714	29589	0	0	0	836	865	19	0.491476	0.508524	0.009939	0.545794	0.15805	0.236489	0.049728	0.703844	0.695861	0	0.837146	0.501648	0.60098	0.168087
FACS_GBM63_T_52_S125	GBM63_T	4437898	4020263	4521008	0.889240408	5580	402815661	400361172	42582539	278331351	70737931	6851389	1857962	0	0	0	687624	693822	12459	0.497757	0.502243	0.10636	0.695201	0.176685	0.017113	0.004641	0.871886	0.866573	0	0.491772	0.591014	0.550543	0.774691
FACS_GBM63_T_53_S133	GBM63_T	5107953	4909261	5190442	0.945827157	12	487622449	484460282	7618010	336864357	125884836	10222750	3870329	0	0	0	906892	915825	10183	0.49755	0.50245	0.015725	0.695339	0.259846	0.021101	0.007989	0.955185	0.948991	0	0.681662	0.473924	0.43562	0.4328
FACS_GBM63_T_54_S141	GBM63_T	10172042	9779508	10313998	0.948178194	1474	982527806	975930543	12753205	705090284	221556896	29533980	6996178	0	0	0	1741483	1748057	28639	0.499058	0.500942	0.013068	0.72248	0.227021	0.030262	0.007169	0.949501	0.943126	0	0.53254	0.580766	0.476689	0.711597
FACS_GBM63_T_55_S149	GBM63_T	46406	35100	2419952	0.01450442	10	3458668	3388101	8967	195929	153918	2133746	895541	0	0	0	929	690	3	0.573811	0.426189	0.002647	0.057829	0.045429	0.629776	0.264319	0.103258	0.101151	0	0.943456	0.235513	0.465931	0
FACS_GBM63_T_56_S157	GBM63_T	3232	2570	302862	0.008485713	6	255678	253202	10272	162868	49706	15085	15271	0	0	0	400	407	7	0.495663	0.504337	0.040568	0.643233	0.19631	0.059577	0.060312	0.839543	0.831413	0	0.896034	0.421395	0.459485	0
FACS_GBM63_T_57_S165	GBM63_T	9909	4212	861490	0.004889204	0	418946	395992	3361	145613	50168	144350	52500	0	0	0	383	435	6	0.468215	0.531785	0.008488	0.367717	0.126689	0.364528	0.132578	0.494406	0.467318	0	0.966122	0.769625	0.331325	0
FACS_GBM63_T_58_S173	GBM63_T	223724	215138	1720408	0.125050569	0	21479540	21081288	17079	4237752	5224524	10759575	842358	0	0	0	18431	14223	70	0.564433	0.435567	0.00081	0.20102	0.247828	0.510385	0.039958	0.448847	0.440525	0	0.91022	0.301439	0.678837	0
FACS_GBM63_T_59_S181	GBM63_T	261947	253544	754354	0.336107451	4	25381461	24995331	13794	19095673	3430876	1168347	1286641	0	0	0	54362	55693	643	0.493953	0.506047	0.000552	0.76397	0.137261	0.046743	0.051475	0.90123	0.88752	0	1.08506	0.346174	0.442501	0.003116
FACS_GBM63_T_5_S129	GBM63_T	1028	858	2928	0.293032787	0	85994	85148	2975	63580	16945	1207	441	0	0	0	153	152	1	0.501639	0.498361	0.034939	0.7467	0.199006	0.014175	0.005179	0.945706	0.936403	0	0.927955	0	0.761952	0
FACS_GBM63_T_60_S189	GBM63_T	388	350	1390	0.251798561	0	35154	34876	606	13050	3971	11858	5391	0	0	0	33	35	0	0.485294	0.514706	0.017376	0.374183	0.113861	0.340005	0.154576	0.488043	0.484184	0	0	0	0	0
FACS_GBM63_T_61_S102	GBM63_T	4880436	3551858	5149770	0.689711968	140	356756843	353375494	16940712	198043100	88218922	43128661	7044099	0	0	0	547044	546556	8594	0.500223	0.499777	0.04794	0.560432	0.249646	0.122048	0.019934	0.810079	0.802401	0	0.623125	0.445591	0.566265	0.359427
FACS_GBM63_T_62_S110	GBM63_T	71044	60460	1584434	0.038158737	6	5946353	5714857	38249	170638	412893	3142946	1950131	0	0	0	1240	1205	9	0.507157	0.492843	0.006693	0.029859	0.072249	0.549961	0.341239	0.102108	0.098133	0	1.468999	0.33396	0.134563	0
FACS_GBM63_T_63_S118	GBM63_T	4644	4102	7462	0.549718574	8	411782	408438	26757	233109	102450	28807	17315	0	0	0	628	633	12	0.498017	0.501983	0.065511	0.570733	0.250834	0.07053	0.042393	0.821567	0.814895	0	0.883008	0.459646	0.521081	0.199972
FACS_GBM63_T_64_S126	GBM63_T	3281	2452	286534	0.008557449	4	244312	241434	13296	122789	45514	27719	32116	0	0	0	326	329	3	0.49771	0.50229	0.055071	0.508582	0.188515	0.11481	0.133022	0.697097	0.688886	0	0.867976	0.393295	0.436886	0.113717
FACS_GBM63_T_65_S134	GBM63_T	94785	63012	3112712	0.02024344	18	6288104	6132862	28498	318381	190279	3476684	2119020	0	0	0	905	821	65	0.524334	0.475666	0.004647	0.051914	0.031026	0.566894	0.345519	0.08294	0.080892	0	0.927816	0.258791	0.363294	0
FACS_GBM63_T_66_S142	GBM63_T	11024659	10647167	11335838	0.939248338	12	1069261348	1063209880	15855630	508883983	490131428	32501626	15837213	0	0	0	1941388	1965758	19594	0.496881	0.503119	0.014913	0.47863	0.460992	0.030569	0.014896	0.939622	0.934304	0	1.405492	0	0.411604	0
FACS_GBM63_T_67_S150	GBM63_T	19110	18206	148146	0.122892282	8	1824381	1784601	24692	485074	81884	747578	445373	0	0	0	1275	1314	16	0.492468	0.507532	0.013836	0.271811	0.045884	0.418905	0.249564	0.317695	0.310767	0	0.876191	0.249546	0.387392	0.038151
FACS_GBM63_T_68_S158	GBM63_T	54212	52738	57348	0.919613587	8	5269708	5220195	24139	4817280	320950	18394	39432	0	0	0	12675	12927	14	0.495079	0.504921	0.004624	0.922816	0.061482	0.003524	0.007554	0.984298	0.97505	0	0.895121	0.207357	0.438434	0
FACS_GBM63_T_69_S166	GBM63_T	851892	803286	1859998	0.431874658	1162	80708200	80291803	22045881	49649249	7317361	1035624	243688	0	0	0	122695	129488	4153	0.486532	0.513468	0.274572	0.61836	0.091135	0.012898	0.003035	0.709495	0.705834	0	0.768614	0.427578	0.402999	0.05855
FACS_GBM63_T_6_S137	GBM63_T	1462	1368	18242	0.074991777	0	137417	136412	2786	98328	31274	2603	1421	0	0	0	211	266	4	0.442348	0.557652	0.020423	0.720816	0.229261	0.019082	0.010417	0.950078	0.943129	0	0.847756	0.363129	0.185543	0.002874
FACS_GBM63_T_70_S174	GBM63_T	6212	5614	105490	0.053218315	14	552625	533823	31590	234390	84573	172456	10814	0	0	0	639	620	16	0.507546	0.492454	0.059177	0.439078	0.158429	0.323058	0.020258	0.597507	0.577178	0	0.832704	0.34049	0.645242	0.261236
FACS_GBM63_T_71_S182	GBM63_T	22614428	18588473	23221176	0.800496624	147160	1870758711	1858849579	180446022	1300084908	302001678	51089404	25227567	0	0	0	3053302	3066473	44139	0.498924	0.501076	0.097074	0.699403	0.162467	0.027484	0.013572	0.86187	0.856383	0	0.482301	0.571037	0.581697	0.704562
FACS_GBM63_T_72_S190	GBM63_T	558	504	2852	0.176718093	0	50289	49930	2531	13720	8796	14856	10027	0	0	0	46	43	0	0.516854	0.483146	0.050691	0.274785	0.176167	0.297537	0.200821	0.450951	0.447732	0	1.999425	0	0.21595	0
FACS_GBM63_T_73_S103	GBM63_T	196690	47124	214698	0.219489702	936	4447128	4336463	438414	1310304	1180723	1188774	218248	0	0	0	4327	4274	80	0.503081	0.496919	0.101099	0.30216	0.272278	0.274134	0.050329	0.574438	0.560143	0	1.412914	0.111016	0.136573	0
FACS_GBM63_T_74_S111	GBM63_T	6542	6362	127916	0.049735764	2	624531	610323	5988	146849	52110	397568	7808	0	0	0	389	427	4	0.476716	0.523284	0.009811	0.240609	0.085381	0.651406	0.012793	0.32599	0.318573	0	0.853879	0.323555	0.565791	0
FACS_GBM63_T_75_S119	GBM63_T	7966	7540	68014	0.110859529	2	757228	751724	36469	492364	169194	34145	19552	0	0	0	1274	1300	17	0.494949	0.505051	0.048514	0.65498	0.225075	0.045422	0.02601	0.880054	0.873658	0	0.840731	0.403298	0.566879	0.191393
FACS_GBM63_T_76_S127	GBM63_T	4374	3978	208024	0.019122794	4	397858	393872	15463	232630	67010	46358	32411	0	0	0	541	558	7	0.492266	0.507734	0.039259	0.590623	0.170131	0.117698	0.082288	0.760755	0.753133	0	0.80131	0.488418	0.449379	0.230463
FACS_GBM63_T_77_S135	GBM63_T	12342269	11648620	12684118	0.918362633	18368	1173124469	1165614422	59698836	849847320	228657164	21326559	6084543	0	0	0	2066736	2058384	35829	0.501012	0.498988	0.051217	0.729098	0.196169	0.018296	0.00522	0.925267	0.919344	0	0.466622	0.596212	0.580432	0.728076
FACS_GBM63_T_78_S143	GBM63_T	16760617	16252457	17189430	0.945491328	372	1636802318	1626208820	57104861	1061120062	453880451	39664697	14438749	0	0	0	2905983	2909181	43308	0.499725	0.500275	0.035115	0.652512	0.279103	0.024391	0.008879	0.931615	0.925586	0	0.528548	0.496872	0.532917	0.529696
FACS_GBM63_T_79_S151	GBM63_T	200277	197704	841350	0.234984252	8	19762572	19622610	26590	5336584	9182869	4810982	265585	0	0	0	1265	1281	19	0.496858	0.503142	0.001355	0.271961	0.467974	0.245175	0.013535	0.739935	0.734695	0	0.862401	0.370866	0.374911	0.282885
FACS_GBM63_T_7_S145	GBM63_T	704	642	40048	0.016030763	2	64635	64257	2014	45000	13978	1851	1414	0	0	0	122	101	0	0.547085	0.452915	0.031343	0.700313	0.217533	0.028806	0.022005	0.917846	0.912478	0	0.8929	0.422122	0.430503	0
FACS_GBM63_T_80_S159	GBM63_T	11414046	11039705	11586160	0.952835538	1570	1109902965	1102893743	16035551	813922095	249582885	18262041	5091171	0	0	0	2036943	2052064	24736	0.498151	0.501849	0.01454	0.737988	0.226298	0.016558	0.004616	0.964286	0.958196	0	0.51365	0.534346	0.497508	0.664483
FACS_GBM63_T_81_S167	GBM63_T	43124	42940	254730	0.168570643	0	4215119	4058090	12177	152938	3164830	36040	692105	0	0	0	8341	8852	7	0.485139	0.514861	0.003001	0.037687	0.779882	0.008881	0.170549	0.817569	0.787111	0	0.80465	0.407182	0.37721	0.324796
FACS_GBM63_T_82_S175	GBM63_T	14884835	13966367	15138266	0.922586973	8786	1405950256	1397726971	60041745	1014690256	286885972	27843745	8265253	0	0	0	2509328	2512257	49616	0.499708	0.500292	0.042957	0.725957	0.205252	0.019921	0.005913	0.931209	0.925763	0	0.475367	0.564268	0.562537	0.699249
FACS_GBM63_T_83_S183	GBM63_T	332918	310812	906550	0.34285147	216	30988591	30716718	705274	22226191	5914053	1308339	562861	0	0	0	52944	53140	1028	0.499076	0.500924	0.022961	0.723586	0.192535	0.042594	0.018324	0.916121	0.908084	0	0.681971	0.551888	0.463326	0.552747
FACS_GBM63_T_84_S191	GBM63_T	624	588	1422	0.41350211	0	57599	57092	1378	26441	11781	10013	7479	0	0	0	70	82	1	0.460526	0.539474	0.024136	0.46313	0.206351	0.175384	0.130999	0.669481	0.663588	0	1.055619	0.450818	0.035917	0
FACS_GBM63_T_85_S104	GBM63_T	7287	6446	326180	0.019762095	16	638880	629222	18141	220599	84814	154638	151030	0	0	0	537	600	9	0.472296	0.527704	0.028831	0.35059	0.134792	0.245761	0.240027	0.485382	0.478044	0	0.919444	0.502323	0.553378	0.236364
FACS_GBM63_T_86_S112	GBM63_T	2016	1876	3352	0.559665871	4	181125	178751	7878	106429	36781	9657	18006	0	0	0	291	273	8	0.515957	0.484043	0.044072	0.595404	0.205767	0.054025	0.100732	0.80117	0.790669	0	0.869505	0.13432	0.440021	0.082188
FACS_GBM63_T_87_S120	GBM63_T	17856574	16893470	18206814	0.927865249	10078	1699167135	1686718077	51082705	1120200536	370217371	114097240	31120225	0	0	0	2829456	2852438	51226	0.497978	0.502022	0.030285	0.66413	0.21949	0.067645	0.01845	0.88362	0.877146	0	0.537394	0.547435	0.503738	0.730792
FACS_GBM63_T_88_S128	GBM63_T	13754	12208	324034	0.037675059	4	1220653	1198857	13382	552029	275106	134684	223656	0	0	0	1429	1586	3	0.473964	0.526036	0.011162	0.460463	0.229474	0.112344	0.186558	0.689936	0.677617	0	0.856339	0.237553	0.425282	0.217742
FACS_GBM63_T_89_S136	GBM63_T	6374	5824	131652	0.044237839	16	583751	578169	23849	334111	122417	68796	28996	0	0	0	855	890	24	0.489971	0.510029	0.041249	0.577878	0.211732	0.118989	0.050151	0.78961	0.782059	0	0.787854	0.473591	0.467801	0.285714
FACS_GBM63_T_8_S153	GBM63_T	1604	1524	9656	0.157829329	4	142704	140335	2336	46700	20476	38457	32366	0	0	0	131	123	20	0.515748	0.484252	0.016646	0.332775	0.145908	0.274037	0.230634	0.478683	0.470737	0	0.951584	0.685107	0.377595	0.086466
FACS_GBM63_T_90_S144	GBM63_T	13747296	12405803	14219204	0.872468178	58116	1249155802	1241467897	84582784	891936179	227253395	25589903	12105636	0	0	0	2158410	2157388	37369	0.500118	0.499882	0.068131	0.718453	0.183052	0.020613	0.009751	0.901505	0.895957	0	0.455022	0.576405	0.636644	0.693763
FACS_GBM63_T_91_S152	GBM63_T	18936434	18358310	19331170	0.949674024	10	1847352957	1835377216	26490954	1138812692	571641527	80388493	18043550	0	0	0	3269725	3297645	51917	0.497874	0.502126	0.014434	0.620479	0.311457	0.043799	0.009831	0.931936	0.925895	0	0.69519	0.352036	0.474831	0.15304
FACS_GBM63_T_92_S160	GBM63_T	11679634	8838938	12108576	0.729973368	179132	887746986	879880790	124590454	556346347	146157426	29723462	23063101	0	0	0	1302539	1313987	26047	0.497812	0.502188	0.141599	0.632297	0.16611	0.033781	0.026212	0.798408	0.791333	0	0.516982	0.594126	0.548577	0.692732
FACS_GBM63_T_93_S168	GBM63_T	76268	64400	367798	0.175096113	16	6306374	6097579	14444	1439870	1139733	2378295	1125237	0	0	0	5232	3495	90	0.599519	0.400481	0.002369	0.236138	0.186916	0.390039	0.184538	0.423054	0.409047	0	0.808341	0.331562	0.60478	0.057416
FACS_GBM63_T_94_S176	GBM63_T	17270391	16018600	17765322	0.901677999	14232	1612791462	1602794371	71104916	1170798810	311705841	40771569	8413235	0	0	0	2907195	2906019	57158	0.500101	0.499899	0.044363	0.730473	0.194477	0.025438	0.005249	0.92495	0.919217	0	0.466288	0.594558	0.575039	0.740745
FACS_GBM63_T_95_S184	GBM63_T	220793	203756	517804	0.393500243	220	20500067	20366359	665042	15316611	3750643	471942	162121	0	0	0	36364	37347	732	0.493332	0.506668	0.032654	0.752054	0.184159	0.023173	0.00796	0.936213	0.930107	0	0.752844	0.479618	0.474657	0.354661
FACS_GBM63_T_96_S192	GBM63_T	846	786	1886	0.416755037	2	78051	77617	2214	27150	10062	20864	17327	0	0	0	61	82	1	0.426573	0.573427	0.028525	0.349795	0.129637	0.268807	0.223237	0.479431	0.476765	0	0.797012	0.812669	0.371825	0
FACS_GBM63_T_9_S161	GBM63_T	595	441	76192	0.005788009	0	42621	42340	0	34459	3446	2511	1924	0	0	0	100	74	0	0.574713	0.425287	0	0.813864	0.081389	0.059306	0.045442	0.895253	0.88935	0	0.985219	0.138396	0.830047	0
FACS_GBM63_U_10_S73	GBM63_U	852188	796230	874680	0.910310056	4356	79818340	79410224	2113504	62557405	12534613	1423654	781048	0	0	0	143802	145795	2345	0.496559	0.503441	0.026615	0.787775	0.157846	0.017928	0.009836	0.945622	0.940787	0	0.632903	0.498342	0.448138	0.594276
FACS_GBM63_U_11_S81	GBM63_U	2744	2356	7158	0.329142218	16	225595	222869	5595	150441	33574	19418	13841	0	0	0	407	396	4	0.506849	0.493151	0.025104	0.67502	0.150645	0.087127	0.062104	0.825664	0.815687	0	0.942047	0.293766	0.341026	0.090909
FACS_GBM63_U_12_S89	GBM63_U	154668	146136	159626	0.915489958	42	14282435	14183121	250118	9811447	3256420	733358	131778	0	0	0	24654	24924	306	0.497277	0.502723	0.017635	0.691769	0.229598	0.051706	0.009291	0.921368	0.914961	0	0.909183	0.432101	0.331312	0.155556
FACS_GBM63_U_13_S2	GBM63_U	6994	5734	512326	0.011192093	8	574974	569074	17448	254277	103509	158695	35145	0	0	0	523	523	14	0.5	0.5	0.03066	0.446826	0.18189	0.278865	0.061758	0.628716	0.622265	0	0.878639	0.399285	0.364666	0.041096
FACS_GBM63_U_14_S10	GBM63_U	29780	28426	154148	0.184407193	6	2840433	2799863	5001	1696267	337115	313426	448054	0	0	0	3366	3396	21	0.497782	0.502218	0.001786	0.605839	0.120404	0.111943	0.160027	0.726243	0.71587	0	1.244693	0.064794	0.737658	0
FACS_GBM63_U_15_S18	GBM63_U	8598	7884	214834	0.036698102	28	791127	782157	14989	565590	156006	30143	15429	0	0	0	1087	1457	11	0.42728	0.57272	0.019164	0.723116	0.199456	0.038538	0.019726	0.922572	0.912111	0	0.826839	0.461929	0.642196	0.266667
FACS_GBM63_U_16_S26	GBM63_U	1381404	1267720	1655528	0.765749658	9868	127795560	126968032	1367436	99581799	23388760	1050339	1579698	0	0	0	226972	226205	2258	0.500846	0.499154	0.01077	0.784306	0.18421	0.008272	0.012442	0.968516	0.962244	0	0.869718	0.341624	0.402825	0
FACS_GBM63_U_17_S34	GBM63_U	23028812	21474579	23846082	0.900549575	114664	2165478006	2154703477	73430339	1624444405	398569939	38664023	19594771	0	0	0	3937424	3883729	53891	0.503433	0.496567	0.034079	0.753906	0.184977	0.017944	0.009094	0.938883	0.934211	0	0.4788	0.540002	0.568703	0.636826
FACS_GBM63_U_18_S42	GBM63_U	4623454	4326754	4948056	0.874435132	10	435630608	433341494	2963916	324129095	98185947	5753055	2309481	0	0	0	766877	768231	18258	0.499559	0.500441	0.00684	0.747976	0.226579	0.013276	0.005329	0.974555	0.969434	0	1.034859	0.059322	0.425479	0
FACS_GBM63_U_19_S50	GBM63_U	11171500	9886798	11467882	0.86212938	82348	996035467	990088605	48416706	743852245	160993262	24551532	12274860	0	0	0	1733175	1729551	25385	0.500523	0.499477	0.048901	0.751299	0.162605	0.024797	0.012398	0.913904	0.908447	0	0.472164	0.600762	0.524687	0.768957
FACS_GBM63_U_1_S1	GBM63_U	1006	858	5422	0.15824419	8	84723	83638	2163	45144	18557	9495	8279	0	0	0	99	143	1	0.409091	0.590909	0.025861	0.539755	0.221873	0.113525	0.098986	0.761627	0.751874	0	0.904611	0.707071	1.16431	0.509375
FACS_GBM63_U_20_S58	GBM63_U	3734	3326	56850	0.058504837	8	334415	332435	12380	236311	68242	10760	4742	0	0	0	561	565	11	0.498224	0.501776	0.03724	0.710849	0.205279	0.032367	0.014264	0.916128	0.910704	0	0.913892	0.426052	0.518326	0.166446
FACS_GBM63_U_21_S66	GBM63_U	131716	118948	167224	0.711309381	380	11985876	11917797	210917	8882864	2402509	300473	121034	0	0	0	22168	22239	360	0.499201	0.500799	0.017698	0.745344	0.20159	0.025212	0.010156	0.946934	0.941556	0	0.938904	0.415451	0.240799	0
FACS_GBM63_U_22_S74	GBM63_U	38022	33234	198862	0.167120918	12	3346498	3320144	139549	2338529	663393	116562	62111	0	0	0	4995	5091	98	0.495241	0.504759	0.042031	0.704346	0.199809	0.035108	0.018707	0.904154	0.897034	0	0.851712	0.385674	0.382084	0.0335
FACS_GBM63_U_23_S82	GBM63_U	369066	334696	372512	0.898483807	10	33278362	32880831	287520	20999531	11405734	142279	45767	0	0	0	62261	65545	2047	0.487152	0.512848	0.008744	0.638656	0.346881	0.004327	0.001392	0.985537	0.973764	0	1.407847	0.000588	0.113758	0
FACS_GBM63_U_24_S90	GBM63_U	1224	1076	7314	0.147115122	0	108020	107128	774	73659	25098	5810	1787	0	0	0	189	162	1	0.538462	0.461538	0.007225	0.687579	0.23428	0.054234	0.016681	0.92186	0.914247	0	1.089166	0.287172	0.195529	0
FACS_GBM63_U_25_S3	GBM63_U	5948	5720	7676	0.745179781	2	569950	567041	5685	470121	65948	15845	9442	0	0	0	1069	1102	4	0.4924	0.5076	0.010026	0.829078	0.116302	0.027943	0.016651	0.94538	0.940554	0	0.787718	0.423391	0.633823	0.083889
FACS_GBM63_U_26_S11	GBM63_U	5290	5116	197056	0.025962163	2	503683	493389	3396	136000	61585	263378	29030	0	0	0	259	276	2	0.484112	0.515888	0.006883	0.275645	0.12482	0.533814	0.058838	0.400465	0.39228	0	1.097306	0.002601	1.279379	0
FACS_GBM63_U_27_S19	GBM63_U	6497	5334	566520	0.009415378	4	536252	527678	11475	302817	110757	63137	39492	0	0	0	812	896	11	0.47541	0.52459	0.021746	0.573867	0.209895	0.119651	0.074841	0.783762	0.771231	0	0.824907	0.249965	0.532691	0.215426
FACS_GBM63_U_28_S27	GBM63_U	38172	32982	110376	0.29881496	160	3319881	3305905	30157	2544663	576393	90687	64005	0	0	0	6252	6096	45	0.506317	0.493683	0.009122	0.769733	0.174353	0.027432	0.019361	0.944085	0.940111	0	0.914501	0.460121	0.29783	0
FACS_GBM63_U_29_S35	GBM63_U	6228032	3576315	9049282	0.395204283	52430	360238464	357761562	51867014	233383510	45648813	18677880	8184345	0	0	0	533857	535855	6391	0.499066	0.500934	0.144976	0.652344	0.127596	0.052208	0.022877	0.779939	0.774577	0	0.695846	0.518741	0.365235	0.272213
FACS_GBM63_U_2_S9	GBM63_U	3920	3756	12868	0.291886851	2	372796	370385	1124	218861	65901	58189	26310	0	0	0	676	618	59	0.522411	0.477589	0.003035	0.590901	0.177926	0.157104	0.071034	0.768827	0.763855	0	0.9148	0.309814	0.506361	0.052937
FACS_GBM63_U_30_S43	GBM63_U	8696526	8156112	9543502	0.854624644	4	822037265	815840577	19842477	604504702	164167168	18749026	8577204	0	0	0	1422212	1445822	29187	0.495884	0.504116	0.024322	0.740959	0.201225	0.022981	0.010513	0.942184	0.935082	0	0.967483	0.199825	0.412534	0
FACS_GBM63_U_31_S51	GBM63_U	7597134	7007262	9001906	0.778419815	14	705746270	701798150	9839480	518931811	146738949	12661886	13626024	0	0	0	1183880	1175745	13193	0.501724	0.498276	0.01402	0.739432	0.20909	0.018042	0.019416	0.948522	0.943215	0	1.134825	0.058107	0.430786	0
FACS_GBM63_U_32_S59	GBM63_U	4221042	4093476	4278026	0.956860945	60	411234924	409013264	2579211	302771005	95755217	6148779	1759052	0	0	0	755056	759689	8161	0.498471	0.501529	0.006306	0.740247	0.234113	0.015033	0.004301	0.97436	0.969096	0	0.553734	0.561201	0.375739	0.71064
FACS_GBM63_U_33_S67	GBM63_U	7178	6848	467324	0.014653645	0	675161	647183	3170	105821	25598	165433	347161	0	0	0	282	277	3	0.504472	0.495528	0.004898	0.16351	0.039553	0.25562	0.536419	0.203063	0.194648	0	0.862412	0.130104	0.768662	0.005208
FACS_GBM63_U_34_S75	GBM63_U	14398799	13644891	14653844	0.931147554	26720	1376640018	1370608704	44133601	1063164902	231901362	24257158	7151681	0	0	0	2536827	2519176	35373	0.501746	0.498254	0.0322	0.775688	0.169196	0.017698	0.005218	0.944884	0.940744	0	0.464364	0.53258	0.578828	0.688523
FACS_GBM63_U_35_S83	GBM63_U	2959770	2622050	3014324	0.869863359	3204	264245642	262705423	10428700	203733232	43420086	4010135	1113270	0	0	0	466829	467937	9896	0.499407	0.500593	0.039697	0.77552	0.165281	0.015265	0.004238	0.9408	0.935317	0	0.540391	0.527405	0.460918	0.686794
FACS_GBM63_U_36_S91	GBM63_U	37849	33843	530186	0.063832315	0	3378178	3315033	1203	2325704	295371	350844	341911	0	0	0	6129	6295	56	0.493319	0.506681	0.000363	0.701563	0.0891	0.105834	0.10314	0.790663	0.775884	0	1.833537	0	0.411857	0
FACS_GBM63_U_37_S4	GBM63_U	6499632	6256284	6662280	0.939060502	18	629292058	625700954	9882034	430307526	160893913	18377926	6239555	0	0	0	1150078	1156611	14898	0.498584	0.501416	0.015794	0.687721	0.257142	0.029372	0.009972	0.944863	0.939471	0	0.71622	0.487048	0.34297	0.307507
FACS_GBM63_U_38_S12	GBM63_U	474681	456702	486122	0.939480213	1378	45830239	45524322	289469	35657386	8561639	693908	321920	0	0	0	85892	86240	1035	0.498989	0.501011	0.006359	0.78326	0.188067	0.015243	0.007071	0.971327	0.964844	0	0.635307	0.624878	0.391875	0.640909
FACS_GBM63_U_39_S20	GBM63_U	6434	5952	8060	0.738461538	32	598772	594715	27065	410849	129514	16951	10336	0	0	0	1052	1005	13	0.511424	0.488576	0.045509	0.690833	0.217775	0.028503	0.01738	0.908608	0.902452	0	0.846469	0.492314	0.532714	0.3001
FACS_GBM63_U_3_S17	GBM63_U	41406	21176	186716	0.113412884	1406	2084768	2066465	12489	1393701	440513	65767	153995	0	0	0	3300	3102	26	0.515464	0.484536	0.006044	0.674437	0.213172	0.031826	0.074521	0.88761	0.879817	0	1.026868	0.38448	0.222833	0
FACS_GBM63_U_40_S28	GBM63_U	359865	314514	584776	0.53783671	2232	31635490	31450236	651507	23444056	5943297	738244	673132	0	0	0	54695	53334	922	0.506299	0.493701	0.020715	0.745433	0.188975	0.023473	0.021403	0.934408	0.928936	0	0.865709	0.460025	0.263407	0
FACS_GBM63_U_41_S36	GBM63_U	9175864	8093946	12324198	0.65675235	41288	815856033	810837652	21099307	596796692	167576215	15841728	9523710	0	0	0	1470810	1448308	8992	0.503854	0.496146	0.026022	0.736025	0.20667	0.019537	0.011746	0.942695	0.936897	0	1.033539	0.176719	0.441093	0
FACS_GBM63_U_42_S44	GBM63_U	6302	5848	7438	0.786232858	32	588164	583949	22811	403346	133066	14372	10354	0	0	0	1085	1027	13	0.513731	0.486269	0.039063	0.690721	0.227873	0.024612	0.017731	0.918594	0.912011	0	0.851351	0.483261	0.549572	0.003205
FACS_GBM63_U_43_S52	GBM63_U	1555490	1474564	2194710	0.67187191	58	147696405	146567089	7180863	95069099	38978705	4099662	1238760	0	0	0	241475	236484	3253	0.505221	0.494779	0.048994	0.648639	0.265944	0.027971	0.008452	0.914583	0.90759	0	0.976803	0.146429	0.434655	0
FACS_GBM63_U_44_S60	GBM63_U	3804	3406	4466	0.762651142	34	342328	339806	14356	239208	69847	7723	8672	0	0	0	581	605	4	0.489882	0.510118	0.042248	0.703955	0.20555	0.022728	0.02552	0.909504	0.902804	0	0.788415	0.506577	0.677041	0.399808
FACS_GBM63_U_45_S68	GBM63_U	36266	34892	2127454	0.016400825	12	3496020	3465367	8521	1450740	825606	642739	537761	0	0	0	5566	5447	2	0.505403	0.494597	0.002459	0.41864	0.238245	0.185475	0.155182	0.656885	0.651125	0	0.879529	0.283198	0.413932	0
FACS_GBM63_U_46_S76	GBM63_U	6040	5534	115134	0.048065732	28	553172	548235	22984	366385	114786	19585	24495	0	0	0	927	891	19	0.509901	0.490099	0.041924	0.668299	0.209374	0.035724	0.04468	0.877673	0.86984	0	0.832503	0.441546	0.572147	0.239766
FACS_GBM63_U_47_S84	GBM63_U	238910	220258	245398	0.897554177	316	22136432	21999371	530467	16930055	4021506	396035	121308	0	0	0	38117	37396	559	0.504774	0.495226	0.024113	0.76957	0.182801	0.018002	0.005514	0.952371	0.946474	0	0.762473	0.497268	0.377504	0.325843
FACS_GBM63_U_48_S92	GBM63_U	440	408	666	0.612612613	0	41203	40849	1818	30119	7649	993	270	0	0	0	72	62	3	0.537313	0.462687	0.044505	0.737325	0.187251	0.024309	0.00661	0.924576	0.916632	0	0.958172	1.161029	0.394174	3.117647
FACS_GBM63_U_49_S5	GBM63_U	4220420	3604432	6689312	0.538834487	2	362573908	353423922	5315	1665032	6517648	146225989	199009938	0	0	0	18361	18621	1984	0.496485	0.503515	1.50E-05	0.004711	0.018441	0.413741	0.563091	0.023153	0.022568	0	2.417568	0	0	0
FACS_GBM63_U_4_S25	GBM63_U	1604	1382	14584	0.094761382	8	133595	132601	6587	89780	27193	7433	1608	0	0	0	266	220	2	0.547325	0.452675	0.049675	0.677069	0.205074	0.056055	0.012127	0.882143	0.875579	0	1.301409	0.051859	0.311156	0
FACS_GBM63_U_50_S13	GBM63_U	6074357	5872615	6240208	0.941092829	4570	591325215	587872355	5155221	424848521	132925971	20156278	4786364	0	0	0	1068333	1070358	13340	0.499527	0.500473	0.008769	0.722688	0.226114	0.034287	0.008142	0.948802	0.943262	0	0.525838	0.576295	0.451041	0.730778
FACS_GBM63_U_51_S21	GBM63_U	8000161	7665176	9589296	0.799347105	146	772610535	767695733	17809974	559782464	165664726	20408938	4029631	0	0	0	1387979	1346966	21506	0.507498	0.492502	0.023199	0.729172	0.215795	0.026585	0.005249	0.944967	0.938956	0	1.205178	0.000716	0.574362	0
FACS_GBM63_U_52_S29	GBM63_U	1686058	1601930	1888974	0.848042376	540	161468267	160484377	1559192	108477150	36899171	10440561	3108303	0	0	0	276294	275280	4057	0.500919	0.499081	0.009716	0.675936	0.229924	0.065057	0.019368	0.90586	0.90034	0	1.036892	0.123881	0.392422	0
FACS_GBM63_U_53_S37	GBM63_U	2464749	1793546	3278954	0.54698724	20	180862817	179684913	15116011	124159684	34746071	3775252	1887895	0	0	0	291573	293900	3044	0.498013	0.501987	0.084125	0.690986	0.193372	0.02101	0.010507	0.884358	0.878598	0	0.998209	0.307671	0.365569	0
FACS_GBM63_U_54_S45	GBM63_U	2002173	1913218	2402798	0.796245877	19112	192586678	191006049	1481673	143001328	41229240	2216594	3077214	0	0	0	301456	291026	2111	0.508802	0.491198	0.007757	0.748674	0.215853	0.011605	0.016111	0.964527	0.956611	0	1.070039	0.100609	0.390891	0
FACS_GBM63_U_55_S53	GBM63_U	482985	433186	630658	0.686879418	590	43684084	43439224	1377338	32077945	7689970	1520383	773588	0	0	0	76447	76595	1130	0.499516	0.500484	0.031707	0.738456	0.177028	0.035	0.017809	0.915484	0.910352	0	0.820386	0.450116	0.39353	0
FACS_GBM63_U_56_S61	GBM63_U	1066398	943534	1353766	0.696969787	6510	95030458	94361974	1740599	68406185	16546787	4673012	2995391	0	0	0	154122	155049	1645	0.498501	0.501499	0.018446	0.724934	0.175354	0.049522	0.031744	0.900288	0.893955	0	1.006919	0.178596	0.325189	0
FACS_GBM63_U_57_S69	GBM63_U	2398	2138	77222	0.027686411	2	212796	207545	4114	52431	33044	30452	87504	0	0	0	183	155	10	0.54142	0.45858	0.019822	0.252625	0.159214	0.146725	0.421615	0.411838	0.401676	0	0.986992	0.126671	0.500775	0
FACS_GBM63_U_58_S77	GBM63_U	2077696	2008136	2120888	0.946837362	1448	202538800	201146676	1929553	148435062	45863850	3873083	1045128	0	0	0	364780	367515	5336	0.498133	0.501867	0.009593	0.737944	0.228012	0.019255	0.005196	0.965956	0.959317	0	0.515642	0.567216	0.479494	0.784086
FACS_GBM63_U_59_S85	GBM63_U	1122754	929946	1156278	0.804258146	952	93723421	93149360	4361792	70332561	15300523	2605385	549099	0	0	0	159581	160955	2862	0.497857	0.502143	0.046826	0.755051	0.164258	0.02797	0.005895	0.919309	0.913679	0	0.578448	0.507648	0.489635	0.546218
FACS_GBM63_U_5_S33	GBM63_U	3617092	3326295	3877624	0.857817829	113764	334185659	332298097	14399793	252886615	49006033	3959306	12046350	0	0	0	555827	560567	7285	0.497877	0.502123	0.043334	0.761023	0.147476	0.011915	0.036252	0.908499	0.903368	0	0.548283	0.536249	0.49343	0.644806
FACS_GBM63_U_60_S93	GBM63_U	6183	5400	115344	0.046816479	0	542110	537970	26324	239710	60554	120993	90389	0	0	0	643	651	23	0.496909	0.503091	0.048932	0.445582	0.11256	0.224907	0.168019	0.558143	0.55388	0	1.015336	0.566615	0.35236	0
FACS_GBM63_U_61_S6	GBM63_U	9716	8660	185112	0.046782488	22	871331	864923	52806	551551	201285	37541	21740	0	0	0	1498	1486	10	0.502011	0.497989	0.061053	0.637688	0.23272	0.043404	0.025135	0.870408	0.864007	0	0.835145	0.392836	0.674919	0.10087
FACS_GBM63_U_62_S14	GBM63_U	387501	357350	4544234	0.078638116	6	35817565	35430639	110024	23987960	4021885	4135219	3175551	0	0	0	34839	25572	15	0.5767	0.4233	0.003105	0.67704	0.113514	0.116713	0.089627	0.790554	0.782014	0	0.910388	0.295841	0.564928	0.16814
FACS_GBM63_U_63_S22	GBM63_U	3933443	3653816	8639244	0.422932377	30	367165189	364784953	1082997	215233291	107516928	32052091	8899646	0	0	0	665529	669057	13352	0.498678	0.501322	0.002969	0.590028	0.294741	0.087866	0.024397	0.884768	0.879033	0	0.929977	0.22963	0.418531	0
FACS_GBM63_U_64_S30	GBM63_U	11762457	11366621	11974740	0.949216517	5616	1145212046	1139470385	9398854	824286097	257833796	40705709	7245929	0	0	0	2073413	2071985	22324	0.500172	0.499828	0.008248	0.723394	0.226275	0.035723	0.006359	0.949669	0.944908	0	0.52113	0.531947	0.48423	0.636808
FACS_GBM63_U_65_S38	GBM63_U	1502144	1349714	1705142	0.79155519	2094	136164404	135335988	2689061	100832796	26467592	4163195	1183344	0	0	0	235592	234091	3083	0.501598	0.498402	0.01987	0.745055	0.19557	0.030762	0.008744	0.940625	0.934902	0	0.803914	0.365905	0.479822	0.138817
FACS_GBM63_U_66_S46	GBM63_U	735608	669904	847700	0.790260705	6274	67560238	67158505	1511721	50575826	12633405	1135394	1302159	0	0	0	113321	111522	1996	0.504001	0.495999	0.02251	0.753081	0.188113	0.016906	0.019389	0.941195	0.935598	0	0.877281	0.415683	0.383544	0
FACS_GBM63_U_67_S54	GBM63_U	1858606	1740470	1955314	0.890123019	5722	175574159	174611183	1468486	128286103	36685819	5687175	2483600	0	0	0	295367	296992	4522	0.498628	0.501372	0.00841	0.734696	0.2101	0.032571	0.014224	0.944796	0.939614	0	0.979003	0.235531	0.392013	0
FACS_GBM63_U_68_S62	GBM63_U	267844	251818	337196	0.746800081	14	25258916	25062116	42577	15072679	8689695	1161522	95643	0	0	0	23880	27011	391	0.469238	0.530762	0.001699	0.601413	0.346726	0.046346	0.003816	0.948139	0.940752	0	0.929805	0.287861	0.48777	0
FACS_GBM63_U_69_S70	GBM63_U	263470	221078	11825948	0.018694315	4772	22247869	21929666	1506904	6755464	3222091	5246342	5198865	0	0	0	20343	20473	708	0.498407	0.501593	0.068715	0.308051	0.146928	0.239235	0.23707	0.45498	0.448472	0	1.004904	0.22774	0.236689	0
FACS_GBM63_U_6_S41	GBM63_U	61826	59372	75832	0.782941239	10	5882779	5846398	145533	4138221	1442996	72849	46799	0	0	0	11173	11744	340	0.487542	0.512458	0.024893	0.707824	0.246818	0.01246	0.008005	0.954642	0.948738	0	1.150041	0.101085	0.244506	0
FACS_GBM63_U_70_S78	GBM63_U	37260	32670	149372	0.21871569	32	3291976	3273424	194479	2281373	687256	54280	56036	0	0	0	5548	5197	38	0.516333	0.483667	0.059411	0.696938	0.20995	0.016582	0.017118	0.906888	0.901777	0	0.832423	0.452523	0.569185	0.140312
FACS_GBM63_U_71_S86	GBM63_U	12330	11328	57742	0.196183021	18	1131786	1125216	28595	892510	176014	18956	9141	0	0	0	1794	1836	16	0.494215	0.505785	0.025413	0.79319	0.156427	0.016847	0.008124	0.949617	0.944104	0	0.862557	0.540139	0.694766	0.182609
FACS_GBM63_U_72_S94	GBM63_U	12002	10374	46418	0.223490887	2	1044816	1033100	94501	687264	193192	29513	28630	0	0	0	1666	1682	57	0.497611	0.502389	0.091473	0.665244	0.187002	0.028567	0.027713	0.852247	0.84269	0	1.006343	0.394429	0.318413	0
FACS_GBM63_U_73_S7	GBM63_U	13378	11754	120056	0.097904311	2	1182389	1173748	59581	809596	204366	68372	31833	0	0	0	1883	1931	31	0.493707	0.506293	0.050761	0.689753	0.174114	0.058251	0.027121	0.863867	0.857554	0	0.850128	0.327564	0.381732	0
FACS_GBM63_U_74_S15	GBM63_U	2763	2296	499156	0.004599764	2	230234	228220	14646	141577	44392	14555	13050	0	0	0	361	361	4	0.5	0.5	0.064175	0.620353	0.194514	0.063776	0.057182	0.814867	0.807739	0	0.764809	0.648776	0.653534	0.35
FACS_GBM63_U_75_S23	GBM63_U	297066	290670	3487644	0.083342795	16	29181040	28935526	76023	21666663	6709471	405718	77651	0	0	0	61513	60099	1425	0.505814	0.494186	0.002627	0.748791	0.231877	0.014021	0.002684	0.980668	0.972417	0	0.840505	0.426772	0.491303	0.255814
FACS_GBM63_U_76_S31	GBM63_U	2240827	2068862	2720050	0.760597048	2	207656626	206327244	955801	165907843	37336491	885531	1241578	0	0	0	426087	428864	2337	0.498376	0.501624	0.004632	0.804101	0.180958	0.004292	0.006018	0.985058	0.978752	0	1.072713	0.000315	0.496353	0
FACS_GBM63_U_77_S39	GBM63_U	1196061	1086340	1250510	0.868717563	1486	109412776	108842364	1031838	81449457	21284200	4320781	756088	0	0	0	193471	192960	2634	0.500661	0.499339	0.00948	0.748325	0.195551	0.039698	0.006947	0.943876	0.938955	0	0.568284	0.54847	0.487219	0.569965
FACS_GBM63_U_78_S47	GBM63_U	4211734	3714754	7474804	0.496970088	50	374231252	371698619	16801832	259315581	70569131	17428798	7583277	0	0	0	582717	563815	9350	0.508243	0.491757	0.045203	0.69765	0.189856	0.04689	0.020402	0.887506	0.8815	0	1.00175	0.272696	0.366588	0
FACS_GBM63_U_79_S55	GBM63_U	8725021	4772730	13699470	0.34838793	83118	480741038	477877794	81625124	304471537	58166250	20421352	13193531	0	0	0	679469	690698	6627	0.495902	0.504098	0.170808	0.637133	0.121718	0.042733	0.027609	0.75885	0.754331	0	0.778698	0.494193	0.257262	0.015327
FACS_GBM63_U_7_S49	GBM63_U	23602	19860	29966	0.662751118	58	1983434	1969478	44485	1436604	372130	87614	28645	0	0	0	3293	3435	76	0.489447	0.510553	0.022587	0.729434	0.188949	0.044486	0.014544	0.918382	0.91192	0	1.083157	0.335647	0.275639	0
FACS_GBM63_U_80_S63	GBM63_U	320456	300976	441218	0.682148054	28	30293471	30105282	708357	18876645	7964492	2042162	513626	0	0	0	51230	49815	940	0.507002	0.492998	0.023529	0.627021	0.264555	0.067834	0.017061	0.891576	0.886037	0	0.945205	0.337672	0.486809	0
FACS_GBM63_U_81_S71	GBM63_U	18682	18196	49252	0.369446926	0	1811689	1787982	29067	219829	79141	1339927	120018	0	0	0	421	381	6	0.524938	0.475062	0.016257	0.122948	0.044263	0.749407	0.067125	0.167211	0.165023	0	0.798453	0.515527	0.341799	0.446154
FACS_GBM63_U_82_S79	GBM63_U	68158	64688	101252	0.638881207	24	6522632	6480597	224781	4210210	1544756	423136	77714	0	0	0	10586	10580	185	0.500142	0.499858	0.034685	0.649664	0.238366	0.065293	0.011992	0.88803	0.882307	0	0.98244	0.310363	0.421601	0
FACS_GBM63_U_83_S87	GBM63_U	166456	157888	337434	0.467907798	24	15921830	15838346	63195	12360626	2929753	375498	109274	0	0	0	28019	27710	540	0.502772	0.497228	0.00399	0.780424	0.184978	0.023708	0.006899	0.965403	0.960341	0	0.833741	0.428826	0.359809	0
FACS_GBM63_U_84_S95	GBM63_U	15658	14432	68444	0.210858512	0	1452601	1441033	24672	895499	287962	205399	27501	0	0	0	1985	1986	14	0.499874	0.500126	0.017121	0.621429	0.19983	0.142536	0.019084	0.821259	0.814719	0	0.953917	0.385624	0.380499	0
FACS_GBM63_U_85_S8	GBM63_U	9242	8592	10414	0.825043211	278	853801	849115	34798	607136	143063	28452	35666	0	0	0	1424	1546	13	0.479461	0.520539	0.040981	0.715022	0.168485	0.033508	0.042004	0.883507	0.878658	0	0.996752	0.300873	0.441113	0
FACS_GBM63_U_86_S16	GBM63_U	932	858	3528	0.243197279	0	82611	81826	2827	50681	17795	6442	4081	0	0	0	127	109	2	0.538136	0.461864	0.034549	0.619375	0.217474	0.078728	0.049874	0.836849	0.828897	0	0.868424	0.064824	1.820704	0.050251
FACS_GBM63_U_87_S24	GBM63_U	4004	3624	13250	0.273509434	0	359971	357375	22277	252647	69690	9663	3098	0	0	0	709	614	10	0.535903	0.464097	0.062335	0.706952	0.195005	0.027039	0.008669	0.901957	0.895453	0	0.949943	0.378096	0.172297	0.234483
FACS_GBM63_U_88_S32	GBM63_U	2550	2352	2984	0.788203753	2	227131	224216	9278	165822	43860	3641	1615	0	0	0	354	383	4	0.480326	0.519674	0.04138	0.739564	0.195615	0.016239	0.007203	0.935179	0.923176	0	0.932588	0.489918	0.266794	0
FACS_GBM63_U_89_S40	GBM63_U	3650	3168	4364	0.725939505	12	318511	316422	16053	229382	63030	5077	2880	0	0	0	559	572	7	0.494253	0.505747	0.050733	0.724924	0.199196	0.016045	0.009102	0.92412	0.918059	0	0.928336	0.541357	0.415729	0.161585
FACS_GBM63_U_8_S57	GBM63_U	1630	1436	3382	0.424600828	10	141493	139661	8001	93169	24315	9126	5050	0	0	0	239	218	6	0.522976	0.477024	0.057289	0.667108	0.1741	0.065344	0.036159	0.841208	0.830317	0	1.117733	0.221837	0.196262	0
FACS_GBM63_U_90_S48	GBM63_U	760521	468526	1183360	0.395928542	310	46525683	46149221	3619868	31741464	7479353	2056633	1251903	0	0	0	71708	71588	1268	0.500419	0.499581	0.078438	0.687801	0.162069	0.044565	0.027127	0.84987	0.842993	0	1.160346	0.270988	0.223216	0
FACS_GBM63_U_91_S56	GBM63_U	6587	5968	15714	0.379788723	10	595951	591122	16586	444726	101665	17745	10400	0	0	0	1061	1032	17	0.506928	0.493072	0.028059	0.752342	0.171986	0.030019	0.017594	0.924329	0.916839	0	1.065659	0.279403	0.333773	0
FACS_GBM63_U_92_S64	GBM63_U	148606	139324	208784	0.667311671	16	13815997	13741653	228851	9398548	3105937	900299	108018	0	0	0	22463	22266	141	0.502202	0.497798	0.016654	0.683946	0.226024	0.065516	0.007861	0.909969	0.905073	0	1.238289	0.168581	0.179418	0
FACS_GBM63_U_93_S72	GBM63_U	5154	4848	8996	0.538906181	0	459038	453495	6640	128594	234464	65456	18341	0	0	0	895	948	83	0.485621	0.514379	0.014642	0.283562	0.517016	0.144337	0.040444	0.800578	0.790911	0	0.981007	0	0.906738	0
FACS_GBM63_U_94_S80	GBM63_U	3976	3696	4532	0.815533981	4	371736	369097	19594	272170	68491	6627	2215	0	0	0	650	693	29	0.483991	0.516009	0.053086	0.737394	0.185564	0.017955	0.006001	0.922958	0.916406	0	0.813833	0.515622	0.551457	0.276923
FACS_GBM63_U_95_S88	GBM63_U	3554830	3382580	3643774	0.928317728	4904	339356988	337464557	3425520	261174271	62497324	8523359	1844083	0	0	0	606021	609687	9405	0.498492	0.501508	0.010151	0.773931	0.185197	0.025257	0.005465	0.959128	0.953779	0	0.588692	0.563235	0.433888	0.646687
FACS_GBM63_U_96_S96	GBM63_U	4918	4322	78754	0.054879752	0	434725	432426	9180	321364	78902	15202	7778	0	0	0	775	704	1	0.524003	0.475997	0.021229	0.743165	0.182464	0.035155	0.017987	0.925629	0.920734	0	0.968947	0.472413	0.236398	0.171569
FACS_GBM63_U_9_S65	GBM63_U	548	400	24064	0.01662234	2	38879	37984	1412	18493	5096	9719	3264	0	0	0	53	45	0	0.540816	0.459184	0.037174	0.486863	0.134162	0.255871	0.085931	0.621025	0.606729	0	0.797112	0.610898	0.327663	1.772512
FACS_M059K_T_10_S361	M059K_T	9540	8578	2727704	0.003144769	0	857801	846781	0	645028	192205	8741	807	0	0	0	1722	1675	1	0.506918	0.493082	0	0.761741	0.226983	0.010323	0.000953	0.988724	0.976022	0	0.911418	0.066117	0.365	0
FACS_M059K_T_11_S369	M059K_T	1641	1514	1617528	0.000935996	0	150172	148182	7750	90936	41007	6124	2365	0	0	0	354	291	0	0.548837	0.451163	0.052301	0.613678	0.276734	0.041328	0.01596	0.890412	0.878613	0	1.901841	0	0.926101	0
FACS_M059K_T_12_S377	M059K_T	1393	1216	2608634	0.000466144	0	119490	117808	21231	19721	14811	45944	16101	0	0	0	65	66	2	0.496183	0.503817	0.180217	0.167399	0.125722	0.38999	0.136672	0.293121	0.288995	0	1.346642	0	0.532798	0
FACS_M059K_T_13_S290	M059K_T	34669	29722	1136802	0.026145274	2	2973820	2932425	63715	2295710	446306	96721	29973	0	0	0	2507	3611	246	0.409774	0.590226	0.021728	0.782871	0.152197	0.032983	0.010221	0.935068	0.922052	0	1.09663	0.115478	0.547401	0
FACS_M059K_T_14_S298	M059K_T	42891	41786	1136174	0.036777817	4	4209551	4177474	196865	3212616	643955	36173	87865	0	0	0	7368	7817	34	0.485216	0.514784	0.047125	0.769033	0.154149	0.008659	0.021033	0.923183	0.916148	0	0.964275	0.403015	0.451107	0
FACS_M059K_T_15_S306	M059K_T	17468383	16100706	18518302	0.86944829	37482	1622368171	1612020739	154781143	1102595020	307063785	35317607	12263184	0	0	0	2694343	2711912	52638	0.498375	0.501625	0.096017	0.683983	0.190484	0.021909	0.007607	0.874467	0.86889	0	0.468279	0.579822	0.597202	0.687256
FACS_M059K_T_16_S314	M059K_T	1234801	1077420	2519852	0.42757273	6	108561151	107753946	644732	72690529	29177970	4244222	996493	0	0	0	203479	203625	1774	0.499821	0.500179	0.005983	0.674597	0.270783	0.039388	0.009248	0.945381	0.938351	0	1.065673	0.227932	0.531254	0
FACS_M059K_T_17_S322	M059K_T	4144	3762	12792	0.294090056	6	370181	366661	25288	234091	93871	8822	4589	0	0	0	626	652	9	0.489828	0.510172	0.068968	0.63844	0.256016	0.02406	0.012516	0.894456	0.88595	0	1.061176	0.286676	0.350422	0
FACS_M059K_T_18_S330	M059K_T	112424	96660	243660	0.39670032	16	9734838	9655399	71391	5953629	2625634	934801	69944	0	0	0	18210	19055	61	0.488662	0.511338	0.007394	0.616611	0.271934	0.096816	0.007244	0.888546	0.881295	0	0.834126	0.518756	0.610482	0.211269
FACS_M059K_T_19_S338	M059K_T	1308425	1196250	1968622	0.607658555	2	120181328	119263143	742361	82118353	34293167	1675430	433832	0	0	0	229100	235739	3594	0.492859	0.507141	0.006225	0.688548	0.287542	0.014048	0.003638	0.97609	0.968632	0	1.07241	0.11861	0.465757	0
FACS_M059K_T_1_S289	M059K_T	24240	21514	131142	0.164051181	0	2152288	2131543	64135	1571464	308231	152258	35455	0	0	0	3801	3539	3	0.517847	0.482153	0.030089	0.737242	0.144605	0.071431	0.016633	0.881847	0.873347	0	1.653784	0	0.3203	0
FACS_M059K_T_20_S346	M059K_T	460409	421296	1289516	0.326708626	22	42347322	42023107	199999	31123507	9899655	718217	81729	0	0	0	70557	70871	411	0.49889	0.50111	0.004759	0.740628	0.235576	0.017091	0.001945	0.976205	0.968731	0	0.917896	0.291447	0.436786	0
FACS_M059K_T_21_S354	M059K_T	189198	177206	2124960	0.083392629	5286	17859744	17718028	47231	12185082	4469498	493977	522240	0	0	0	31708	30498	747	0.509726	0.490274	0.002666	0.687722	0.252257	0.02788	0.029475	0.939979	0.932521	0	0.80162	0.515152	0.572228	0.433333
FACS_M059K_T_22_S362	M059K_T	766	700	5782	0.121065375	0	69808	69194	6513	45148	14822	1922	789	0	0	0	127	116	2	0.522634	0.477366	0.094127	0.652484	0.214209	0.027777	0.011403	0.866694	0.859071	0	0.764402	0.047448	0.136413	0
FACS_M059K_T_23_S370	M059K_T	29360	28024	5858524	0.004783457	4	2816776	2784290	9365	1671701	380740	709588	12896	0	0	0	2817	2557	11	0.524191	0.475809	0.003364	0.600405	0.136746	0.254854	0.004632	0.737151	0.728649	0	0.856472	0.323055	0.564696	0.186916
FACS_M059K_T_24_S378	M059K_T	54626	51696	1618616	0.031938397	20	5201389	5148352	15712	2540621	2436951	31843	123225	0	0	0	10561	10253	24	0.507399	0.492601	0.003052	0.493482	0.473346	0.006185	0.023935	0.966828	0.95697	0	0.860996	0.470961	0.790344	0.186419
FACS_M059K_T_25_S291	M059K_T	77318	68964	1019476	0.067646516	2	6940844	6863030	95368	4904685	1300253	206737	355987	0	0	0	14408	13702	35	0.512558	0.487442	0.013896	0.714653	0.189458	0.030123	0.05187	0.904111	0.893975	0	0.94072	0	0.590013	0
FACS_M059K_T_26_S299	M059K_T	33033	32008	261828	0.122248193	0	3214586	3185299	990	2322180	567351	281253	13525	0	0	0	4852	5285	39	0.478643	0.521357	0.000311	0.72903	0.178115	0.088297	0.004246	0.907146	0.898881	0	1.516647	0	0.279016	0
FACS_M059K_T_27_S307	M059K_T	12306	10978	608478	0.018041737	2	1088095	1078976	2935	739719	287640	43264	5418	0	0	0	1816	1740	37	0.510686	0.489314	0.00272	0.685575	0.266586	0.040097	0.005021	0.952161	0.944181	0	1.016662	0.198376	0.496462	0
FACS_M059K_T_28_S315	M059K_T	1116	1016	4436	0.229035167	0	98448	97609	8153	61780	21216	5348	1112	0	0	0	151	187	1	0.446746	0.553254	0.083527	0.632933	0.217357	0.05479	0.011392	0.85029	0.843044	0	1.026555	0.369918	0.161946	0.174271
FACS_M059K_T_29_S323	M059K_T	1090	992	6686	0.148369728	6	96276	95464	3697	69202	18109	3525	931	0	0	0	142	185	3	0.434251	0.565749	0.038727	0.724902	0.189695	0.036925	0.009752	0.914596	0.906882	0	1.240626	0.053397	0.462377	0
FACS_M059K_T_2_S297	M059K_T	23066	17862	452164	0.039503366	0	1784457	1765888	32745	1213607	470219	38554	10763	0	0	0	3226	3218	28	0.500621	0.499379	0.018543	0.68725	0.266279	0.021833	0.006095	0.953529	0.943607	0	1.130048	0.123629	0.207749	0
FACS_M059K_T_30_S331	M059K_T	17472	17142	704408	0.024335328	0	1721603	1702643	6736	1412813	63550	100828	118716	0	0	0	3459	3556	106	0.493086	0.506914	0.003956	0.829776	0.037324	0.059219	0.069725	0.867101	0.857551	0	1.02332	0.116115	0.66057	0
FACS_M059K_T_31_S339	M059K_T	14226	12622	57004	0.221423058	50	1230257	1220562	10083	886655	272642	28172	23010	0	0	0	2199	2076	4	0.514386	0.485614	0.008261	0.726432	0.223374	0.023081	0.018852	0.949806	0.942321	0	1.042979	0.350597	0.330142	0
FACS_M059K_T_32_S347	M059K_T	41308	40214	1125832	0.035719361	0	4044029	3988096	203020	2298414	559419	732384	194859	0	0	0	5785	6407	12	0.474491	0.525509	0.050906	0.576319	0.140272	0.183643	0.04886	0.716591	0.70668	0	0.915813	0.354671	0.494869	0.182029
FACS_M059K_T_33_S355	M059K_T	1702979	1541086	3545182	0.434698698	2	155313175	154248978	584171	100853022	45128423	5855182	1828180	0	0	0	283531	272677	3525	0.509757	0.490243	0.003787	0.653833	0.292569	0.037959	0.011852	0.946401	0.939917	0	0.969738	0.11011	0.588567	0
FACS_M059K_T_34_S363	M059K_T	206325	173510	2129104	0.081494375	2	17496723	17372864	2576	10038447	6151779	1127861	52201	0	0	0	22795	23960	828	0.487541	0.512459	0.000148	0.577823	0.354103	0.064921	0.003005	0.931926	0.925329	0	0.928099	0.086902	0.757501	0
FACS_M059K_T_35_S371	M059K_T	1349125	1282493	2414040	0.531264188	0	129252922	128769023	17779519	85449048	22041799	3003462	495195	0	0	0	215841	220870	4311	0.494242	0.505758	0.138073	0.663584	0.171173	0.023324	0.003846	0.834757	0.831632	0	0.836105	0.246764	0.455442	0
FACS_M059K_T_36_S379	M059K_T	43281	33398	1690512	0.019756145	4	3361005	3331003	33302	2138042	934513	97242	127904	0	0	0	4349	3963	5	0.523219	0.476781	0.009998	0.641861	0.28055	0.029193	0.038398	0.922411	0.914177	0	1.167905	0	0.536742	0
FACS_M059K_T_37_S292	M059K_T	8466	6658	94242	0.070647906	0	657792	649435	7242	257351	208807	173503	2532	0	0	0	731	808	6	0.474984	0.525016	0.011151	0.396269	0.321521	0.26716	0.003899	0.71779	0.708671	0	1.142418	0	0.81139	0
FACS_M059K_T_38_S300	M059K_T	317791	256528	1381216	0.185726201	2	25835248	25646625	6556	16457163	7527691	1610842	44373	0	0	0	33705	34301	697	0.495618	0.504382	0.000256	0.641689	0.293516	0.062809	0.00173	0.935205	0.928377	0	0.968487	0.293515	0.566447	0
FACS_M059K_T_39_S308	M059K_T	171898	139411	1849358	0.075383457	8	14061744	13915524	13186	9487544	2802976	1529922	81896	0	0	0	20111	22900	643	0.467578	0.532422	0.000948	0.681796	0.201428	0.109944	0.005885	0.883224	0.87404	0	0.90551	0.110993	0.541168	0.000795
FACS_M059K_T_3_S305	M059K_T	24473	22651	3847308	0.005887493	0	2277980	2256316	174968	1476801	286895	314854	2798	0	0	0	4078	4463	2	0.477462	0.522538	0.077546	0.654519	0.127152	0.139543	0.00124	0.781671	0.774237	0	1.322401	0	0.516978	0
FACS_M059K_T_40_S316	M059K_T	21007	20054	424078	0.047288471	4	2019406	1999725	16781	1314133	378297	283993	6521	0	0	0	2447	2414	6	0.503394	0.496606	0.008392	0.657157	0.189175	0.142016	0.003261	0.846331	0.838083	0	0.940271	0.318523	0.532989	0
FACS_M059K_T_41_S324	M059K_T	4822430	3983874	5610466	0.710078985	0	401597551	397872974	3552874	282733737	94755734	10169701	6660928	0	0	0	692430	687335	18153	0.501846	0.498154	0.00893	0.710613	0.238156	0.02556	0.016741	0.948769	0.93997	0	1.104746	0.093101	0.508528	0
FACS_M059K_T_42_S332	M059K_T	393389	339896	1515608	0.224263794	12	34279818	33942549	76070	22530903	10898926	293307	143343	0	0	0	54505	56415	55	0.49139	0.50861	0.002241	0.663795	0.321099	0.008641	0.004223	0.984894	0.975204	0	0.879933	0.452819	0.692965	0.048359
FACS_M059K_T_43_S340	M059K_T	187492	8182	241336	0.03390294	0	809676	750186	23045	209678	81525	347027	88911	0	0	0	517	592	6	0.466186	0.533814	0.030719	0.279501	0.108673	0.462588	0.118519	0.388174	0.359654	0	0.784895	0.462814	0.46975	0.117647
FACS_M059K_T_44_S348	M059K_T	24732880	21965583	26037828	0.843602738	16122	2214234186	2196600453	275866051	1346434132	465622173	83497213	25180884	0	0	0	3419392	3405776	99130	0.500997	0.499003	0.125588	0.612963	0.211974	0.038012	0.011464	0.824937	0.818367	0	0.476952	0.550599	0.639949	0.674072
FACS_M059K_T_45_S356	M059K_T	28734	25925	898742	0.028845876	20	2610295	2586922	16156	911339	352645	1255074	51708	0	0	0	2695	2569	13	0.511968	0.488032	0.006245	0.352287	0.136318	0.485161	0.019988	0.488605	0.48423	0	0.83971	0.602364	0.470384	0
FACS_M059K_T_46_S364	M059K_T	144276	134244	1157154	0.116012216	0	13527293	13377022	222716	9007688	2307287	1828693	10638	0	0	0	18183	17189	8	0.514051	0.485949	0.016649	0.67337	0.172481	0.136704	0.000795	0.845852	0.836455	0	0.940725	0.102519	0.833563	0
FACS_M059K_T_47_S372	M059K_T	259195	225861	4326392	0.052205394	488	22766803	22608335	49020	16155221	3990201	738311	1675582	0	0	0	35951	34460	737	0.510588	0.489412	0.002168	0.714569	0.176492	0.032657	0.074113	0.891062	0.88486	0	0.933273	0.232403	0.466916	0
FACS_M059K_T_48_S380	M059K_T	196947	184192	3413282	0.053963312	6	18578295	18417557	35375	10753813	4340917	2706317	581135	0	0	0	18281	18573	36	0.496038	0.503962	0.001921	0.583889	0.235695	0.146942	0.031553	0.819584	0.812493	0	0.835724	0.373586	0.717378	0.05634
FACS_M059K_T_49_S293	M059K_T	34741	31384	273026	0.114948759	0	3164217	3140717	1967343	510734	428530	209710	24400	0	0	0	1916	2260	3	0.458812	0.541188	0.626399	0.162617	0.136443	0.066771	0.007769	0.29906	0.296839	0	1.28816	0.05556	0.452738	0
FACS_M059K_T_4_S313	M059K_T	11624	10404	1554106	0.006694524	0	1043012	1031116	18267	570863	289977	6481	145528	0	0	0	1547	1296	2	0.544144	0.455856	0.017716	0.553636	0.281226	0.006285	0.141136	0.834862	0.82534	0	1.45535	0.295867	0.006885	0
FACS_M059K_T_50_S301	M059K_T	3494831	2986094	6003592	0.497384566	2	301137309	298966483	660374	203448465	87861764	4973297	2022583	0	0	0	570583	569754	8443	0.500363	0.499637	0.002209	0.680506	0.293885	0.016635	0.006765	0.974391	0.967367	0	1.266215	0	0.674582	0
FACS_M059K_T_51_S309	M059K_T	34012	29614	275682	0.107420869	0	2981740	2933465	398778	1830641	494861	191291	17894	0	0	0	2896	3103	6	0.482747	0.517253	0.135941	0.624054	0.168695	0.06521	0.0061	0.792749	0.779914	0	0.853207	0.12813	0.629551	0
FACS_M059K_T_52_S317	M059K_T	88304	85720	1194876	0.071739662	4	8641177	8545512	12613	4676173	2108162	1707160	41404	0	0	0	10137	10192	12	0.498647	0.501353	0.001476	0.547208	0.246698	0.199773	0.004845	0.793906	0.785117	0	1.020193	0.477245	0.367572	0
FACS_M059K_T_53_S325	M059K_T	27918	25358	903978	0.028051568	0	2549384	2513459	7913	1858165	497929	143352	6100	0	0	0	5348	5268	30	0.503768	0.496232	0.003148	0.739286	0.198105	0.057034	0.002427	0.937391	0.924182	0	0.937627	0.428622	0.54	0.163386
FACS_M059K_T_54_S333	M059K_T	1686895	1522890	2406136	0.632919336	4	153596998	152586620	23578	114223379	36159309	1970092	210262	0	0	0	282786	278274	3160	0.504021	0.495979	0.000155	0.748581	0.236976	0.012911	0.001378	0.985556	0.979073	0	0.740134	0.438878	0.540275	0.016004
FACS_M059K_T_55_S341	M059K_T	2128946	1899614	3253322	0.58389978	8	191412792	189736118	907404	139582562	46226803	1611123	1408226	0	0	0	313420	312479	5060	0.500752	0.499248	0.004782	0.735667	0.243637	0.008491	0.007422	0.979304	0.970726	0	0.893051	0.296053	0.418523	0
FACS_M059K_T_56_S349	M059K_T	17169	13080	539234	0.024256631	4	1312718	1289663	47398	675891	261310	290144	14920	0	0	0	1784	1604	22	0.526564	0.473436	0.036752	0.524083	0.202619	0.224977	0.011569	0.726702	0.713939	0	0.815766	0.604431	0.66616	0.299242
FACS_M059K_T_57_S357	M059K_T	29491	27490	1217582	0.022577535	10	2768828	2736094	3098	1131109	343652	1243795	14440	0	0	0	2262	1616	5	0.58329	0.41671	0.001132	0.413403	0.125599	0.454588	0.005278	0.539002	0.53263	0	1.001711	0.21712	0.684989	0.041028
FACS_M059K_T_58_S365	M059K_T	92446	86858	905416	0.095931594	0	8759214	8681575	3164	2404013	2559928	1064450	2650020	0	0	0	7997	7954	6	0.501348	0.498652	0.000364	0.27691	0.294869	0.12261	0.305246	0.571779	0.566711	0	1.38226	0.118105	0.578387	0
FACS_M059K_T_59_S373	M059K_T	306547	275672	2352512	0.117181974	2254	27794797	27518024	65621	19772281	6870171	417298	392653	0	0	0	44117	44645	265	0.497026	0.502974	0.002385	0.718521	0.249661	0.015165	0.014269	0.968182	0.958541	0	1.017777	0.092996	0.683911	0
FACS_M059K_T_5_S321	M059K_T	303800	276334	850418	0.32493903	0	27820631	27592896	124822	20782426	5703832	857041	124775	0	0	0	47005	46644	756	0.501927	0.498073	0.004524	0.75318	0.206714	0.03106	0.004522	0.959894	0.952037	0	1.003389	0.184065	0.47726	0
FACS_M059K_T_60_S381	M059K_T	53183	43674	2308326	0.018920205	4	4384218	4336062	3930	1651422	2009537	220034	451139	0	0	0	5292	6346	50	0.454717	0.545283	0.000906	0.380858	0.463447	0.050745	0.104043	0.844305	0.835031	0	0.887924	0.270155	0.366754	0.001577
FACS_M059K_T_61_S294	M059K_T	77127	67738	364242	0.185969767	2	6831016	6755750	218888	4412213	1669872	388688	66089	0	0	0	8670	8614	37	0.50162	0.49838	0.0324	0.653105	0.247178	0.057534	0.009783	0.900283	0.890363	0	1.192595	0.053655	0.411777	0
FACS_M059K_T_62_S302	M059K_T	195971	179808	1471198	0.122218763	8	18126841	17987934	13074	9159290	6583355	635587	1596628	0	0	0	28024	25942	656	0.51929	0.48071	0.000727	0.509191	0.365987	0.035334	0.088761	0.875178	0.868472	0	0.872431	0.19766	0.50954	0
FACS_M059K_T_63_S310	M059K_T	215769	204172	559766	0.364745269	6	20588624	20400822	634710	11402566	5444331	1412942	1506273	0	0	0	25156	25655	7834	0.49509	0.50491	0.031112	0.558927	0.266868	0.069259	0.073834	0.825795	0.818262	0	0.864556	0.504436	0.793934	0.19375
FACS_M059K_T_64_S318	M059K_T	4741905	3252482	6919480	0.470047171	66	327979426	324953508	111613133	157944760	50747194	3452838	1195583	0	0	0	372468	355295	6542	0.511798	0.488202	0.343474	0.486053	0.156168	0.010626	0.003679	0.642221	0.636296	0	1.022235	0.155648	0.617034	0
FACS_M059K_T_65_S326	M059K_T	31503	30958	844560	0.036655773	90	3116051	3087236	20380	2171421	776273	86623	32539	0	0	0	7154	7156	6	0.49993	0.50007	0.006601	0.703354	0.251446	0.028058	0.01054	0.9548	0.945971	0	0.892546	0.081293	0.350372	0.109091
FACS_M059K_T_66_S334	M059K_T	287100	262814	2129050	0.123441911	20	26506878	26268246	433306	15809329	7621387	1670123	734101	0	0	0	41890	42332	2285	0.497376	0.502624	0.016495	0.601842	0.290137	0.06358	0.027946	0.891979	0.883949	0	0.883566	0.315099	0.575667	0.013113
FACS_M059K_T_67_S342	M059K_T	69350	58874	355328	0.165689166	6	5930526	5861758	227120	3630582	1259383	683251	61422	0	0	0	9429	9033	440	0.510725	0.489275	0.038746	0.619367	0.214847	0.116561	0.010478	0.834215	0.824542	0	0.947993	0.237922	0.463272	0
FACS_M059K_T_68_S350	M059K_T	4374476	3889804	5590262	0.695817835	684	392455662	389283337	3033611	281008954	95541462	5950607	3748703	0	0	0	719627	708332	14743	0.503955	0.496045	0.007793	0.721862	0.245429	0.015286	0.00963	0.967291	0.959473	0	0.873382	0.419805	0.593336	0
FACS_M059K_T_69_S358	M059K_T	82106	75428	2124942	0.035496498	18	7607285	7526051	462385	3636085	2506925	894063	26593	0	0	0	9499	10202	34	0.482158	0.517842	0.061438	0.483133	0.3331	0.118796	0.003533	0.816233	0.807517	0	0.903867	0.189902	0.609414	0.064937
FACS_M059K_T_6_S329	M059K_T	185193	160758	1547610	0.103875007	2	16145927	15916812	336221	9670609	2701971	2133034	1074977	0	0	0	15966	16763	27	0.487824	0.512176	0.021124	0.607572	0.169756	0.134011	0.067537	0.777328	0.766297	0	1.346041	0	0.472795	0
FACS_M059K_T_70_S366	M059K_T	45834	43526	666502	0.06530513	4	4387455	4355501	12865	2623256	1132962	573208	13210	0	0	0	4318	6067	1	0.415792	0.584208	0.002954	0.602286	0.260122	0.131606	0.003033	0.862408	0.856127	0	1.441045	0	0.275806	0
FACS_M059K_T_71_S374	M059K_T	117648	99590	547832	0.181789308	8	10042960	9933026	11933	6869917	2788700	243071	19405	0	0	0	19135	18530	41	0.508031	0.491969	0.001201	0.691624	0.28075	0.024471	0.001954	0.972374	0.96173	0	0.990247	0.119775	0.799562	0
FACS_M059K_T_72_S382	M059K_T	33817	32976	3846626	0.008572708	10	3324749	3280703	22113	2613398	486397	72916	85879	0	0	0	5353	7304	12	0.422928	0.577072	0.00674	0.796597	0.14826	0.022226	0.026177	0.944857	0.93234	0	0.87158	0.198939	0.711645	0
FACS_M059K_T_73_S295	M059K_T	1300595	1186204	2429076	0.488335482	612	119638917	118680905	387574	83525756	28120326	5037438	1609811	0	0	0	204318	205780	1265	0.498217	0.501783	0.003266	0.703784	0.236941	0.042445	0.013564	0.940725	0.933192	0	0.816613	0.360469	0.496906	0
FACS_M059K_T_74_S303	M059K_T	5276402	4608948	5652466	0.815387125	18	464485745	459631065	22116724	303672536	98410726	29323445	6107634	0	0	0	757012	755991	26202	0.500337	0.499663	0.048118	0.660688	0.214108	0.063798	0.013288	0.874796	0.865653	0	0.684815	0.59962	0.448525	0.167193
FACS_M059K_T_75_S311	M059K_T	34599	30974	786696	0.039372261	0	3123064	3092524	535325	1356800	655255	325672	219472	0	0	0	4770	4632	360	0.507339	0.492661	0.173103	0.438735	0.211884	0.105309	0.070969	0.650619	0.644257	0	0.922262	0.441886	0.280408	0
FACS_M059K_T_76_S319	M059K_T	401417	388230	789050	0.492022052	4522	39145234	38846151	1287822	25256729	10521586	831628	948386	0	0	0	62032	60612	1215	0.505789	0.494211	0.033152	0.650173	0.270853	0.021408	0.024414	0.921026	0.913989	0	1.001159	0.073486	0.50217	0
FACS_M059K_T_77_S327	M059K_T	16159	14464	69346	0.208577279	4	1444887	1426551	114566	1067100	169075	65413	10397	0	0	0	3058	2911	11	0.512314	0.487686	0.08031	0.748028	0.11852	0.045854	0.007288	0.866548	0.855551	0	0.795482	0.353678	0.798917	0.32297
FACS_M059K_T_78_S335	M059K_T	32585	30820	595088	0.05179066	6	3104598	3077715	333233	2157301	443717	129409	14055	0	0	0	5584	5814	21	0.489911	0.510089	0.108273	0.700942	0.144171	0.042047	0.004567	0.845113	0.837795	0	0.806762	0.471571	0.517584	0.120253
FACS_M059K_T_79_S343	M059K_T	31878	27590	173804	0.158742031	4	2776536	2755883	37123	2112217	358941	143602	104000	0	0	0	4685	3913	18	0.544894	0.455106	0.01347	0.766439	0.130245	0.052107	0.037737	0.896685	0.890015	0	0.87388	0.420858	0.286698	0.058514
FACS_M059K_T_7_S337	M059K_T	4295	4032	102808	0.039218738	0	400233	394701	5626	315713	47815	3016	22531	0	0	0	624	735	8	0.459161	0.540839	0.014254	0.799879	0.121142	0.007641	0.057084	0.921021	0.908291	0	0.793499	0.505081	0.394757	0.206449
FACS_M059K_T_80_S351	M059K_T	15654000	14505034	16150656	0.89810804	8008	1462511948	1451444308	144115061	993414387	273903528	28743419	11267913	0	0	0	2422410	2402262	57058	0.502088	0.497912	0.099291	0.684432	0.188711	0.019803	0.007763	0.873143	0.866535	0	0.445708	0.625461	0.632212	0.752562
FACS_M059K_T_81_S359	M059K_T	33173	30774	693314	0.044386815	32	3103136	3082023	107770	2554340	381216	20486	18211	0	0	0	6527	6592	487	0.497523	0.502477	0.034967	0.828787	0.12369	0.006647	0.005909	0.952477	0.945997	0	0.815814	0.391387	0.691894	0.21787
FACS_M059K_T_82_S367	M059K_T	70042	64986	2255546	0.028811649	2	6547144	6494591	60985	3977464	2082069	152132	221941	0	0	0	8300	8750	315	0.486804	0.513196	0.00939	0.612427	0.320585	0.023424	0.034173	0.933012	0.925523	0	0.918343	0.07946	0.225935	0
FACS_M059K_T_83_S375	M059K_T	175471	169510	1699208	0.09975824	0	17096262	16960772	11634	11037696	4681393	1210811	19238	0	0	0	26641	25882	393	0.507225	0.492775	0.000686	0.650778	0.276013	0.071389	0.001134	0.926791	0.919446	0	0.822962	0.27545	0.556786	0.00237
FACS_M059K_T_84_S383	M059K_T	23559	22700	255982	0.08867811	8	2286849	2261845	32523	865465	1255255	70998	37604	0	0	0	4196	4380	20	0.489272	0.510728	0.014379	0.382637	0.55497	0.031389	0.016625	0.937606	0.927355	0	0.855231	0.381059	0.591222	0.100775
FACS_M059K_T_85_S296	M059K_T	305513	286866	929678	0.308564901	0	28841414	27756500	661748	17146382	9008405	620909	319056	0	0	0	46249	48978	1597	0.485671	0.514329	0.023841	0.617743	0.324551	0.02237	0.011495	0.942294	0.906848	0	1.848085	0	2.03139	0
FACS_M059K_T_86_S304	M059K_T	7467072	6884888	8250246	0.834506995	7584	693919432	687420870	28404657	457326692	133385189	39116882	29187450	0	0	0	1080220	1063989	21362	0.503785	0.496215	0.041321	0.665279	0.194037	0.056904	0.042459	0.859316	0.851269	0	0.505149	0.62728	0.61642	0.679505
FACS_M059K_T_87_S312	M059K_T	1590580	1511172	2175214	0.69472337	6	152256293	150001011	71051	3263699	8228811	82613950	55823500	0	0	0	23520	20064	3533	0.539648	0.460352	0.000474	0.021758	0.054858	0.550756	0.372154	0.076616	0.075481	0	2.136024	0	0	0
FACS_M059K_T_88_S320	M059K_T	5632	4954	155244	0.031911056	8	498074	492299	25544	305078	88891	62412	10374	0	0	0	864	741	7	0.538318	0.461682	0.051887	0.619701	0.180563	0.126777	0.021073	0.800264	0.790985	0	0.857331	0.172057	0.316594	0.172924
FACS_M059K_T_89_S328	M059K_T	4554	4280	395934	0.010809882	6	430048	425515	17059	304180	69717	25952	8607	0	0	0	676	732	24	0.480114	0.519886	0.04009	0.714851	0.163841	0.06099	0.020227	0.878693	0.869431	0	0.858968	0.152065	0.460457	0
FACS_M059K_T_8_S345	M059K_T	15622	14040	124978	0.112339772	0	1411226	1396991	12297	1011505	338912	28209	6068	0	0	0	2928	3248	29	0.474093	0.525907	0.008802	0.72406	0.242601	0.020193	0.004344	0.966661	0.956911	0	0.88578	0.489703	0.59716	0.577528
FACS_M059K_T_90_S336	M059K_T	62425	60806	908800	0.066908011	28	6128881	6089878	103674	3764605	2005794	177876	37929	0	0	0	10540	8126	37	0.564663	0.435337	0.017024	0.618174	0.329365	0.029208	0.006228	0.947539	0.941509	0	0.8733	0.360406	0.58146	0.021212
FACS_M059K_T_91_S344	M059K_T	9928	8536	197948	0.043122436	12	856913	847445	36170	567142	197497	28907	17729	0	0	0	1239	1303	15	0.487411	0.512589	0.042681	0.669238	0.23305	0.034111	0.020921	0.902287	0.892318	0	0.864135	0.3741	0.465021	0.073881
FACS_M059K_T_92_S352	M059K_T	14212	13190	17904	0.736706881	32	1327096	1315635	70927	645788	220431	352697	25792	0	0	0	1678	1626	26	0.507869	0.492131	0.053911	0.490857	0.167547	0.268081	0.019604	0.658404	0.652718	0	0.842126	0.493736	0.498375	0.153111
FACS_M059K_T_93_S360	M059K_T	88270	82956	412454	0.201127883	22	8361266	8267778	19569	3505868	4463823	124228	154290	0	0	0	14240	15615	543	0.476972	0.523028	0.002367	0.42404	0.539906	0.015026	0.018662	0.963946	0.953168	0	0.928723	0.235124	0.59894	0.020305
FACS_M059K_T_94_S368	M059K_T	33764	31076	375226	0.082819421	6	3133775	3099939	15725	1826489	1135588	16137	106000	0	0	0	6381	6620	10	0.490808	0.509192	0.005073	0.589202	0.366326	0.005206	0.034194	0.955528	0.94521	0	0.935149	0.054596	0.644923	0
FACS_M059K_T_95_S376	M059K_T	6902	6340	1451024	0.004369328	4	638197	632095	14565	454182	133877	17272	12199	0	0	0	703	789	14	0.47118	0.52882	0.023042	0.718534	0.211799	0.027325	0.019299	0.930333	0.921438	0	0.841344	0.201267	0.723407	0.27907
FACS_M059K_T_96_S384	M059K_T	8840	8244	1611642	0.00511528	12	828793	818566	31782	524225	167732	82301	12526	0	0	0	1044	1015	8	0.507042	0.492958	0.038826	0.640419	0.20491	0.100543	0.015302	0.845328	0.834897	0	0.873681	0.418518	0.654938	0.333333
FACS_M059K_T_9_S353	M059K_T	12878	11918	690638	0.017256508	0	1194074	1182768	188	532062	624221	8496	17801	0	0	0	1999	1918	1	0.51034	0.48966	0.000159	0.449845	0.527763	0.007183	0.01505	0.977608	0.968351	0	1.407179	0	0.196317	0
FACS_M059K_U_10_S265	M059K_U	202894	171074	345802	0.49471663	44	17253222	17116803	806	12031328	4293059	652412	139198	0	0	0	29367	28814	549	0.504752	0.495248	4.70E-05	0.702896	0.25081	0.038115	0.008132	0.953705	0.946165	0	1.035925	0.009383	0.492281	0
FACS_M059K_U_11_S273	M059K_U	10580	9480	187024	0.050688682	2	954106	942266	1205	614706	241469	15297	69589	0	0	0	1129	1381	2	0.449801	0.550199	0.001279	0.65237	0.256264	0.016234	0.073853	0.908634	0.897358	0	1.663717	0.192951	0	0
FACS_M059K_U_12_S281	M059K_U	82810	74682	388638	0.192163401	20	7426305	7393265	2006	819557	461942	3098981	3010779	0	0	0	1481	1396	159	0.514772	0.485228	0.000271	0.110852	0.062481	0.419163	0.407233	0.173333	0.172562	0	1.673469	0	0	0
FACS_M059K_U_13_S194	M059K_U	906950	721844	2319478	0.311209677	2296	72793225	72223632	201508	52649880	15772046	2636708	963490	0	0	0	132573	130529	2307	0.503884	0.496116	0.00279	0.728984	0.218378	0.036508	0.01334	0.947362	0.939949	0	1.140365	0.109841	0.5034	0
FACS_M059K_U_14_S202	M059K_U	117605	103494	205350	0.503988313	14	10430582	10358582	6974	8709124	1527712	54518	60254	0	0	0	20921	21018	165	0.498844	0.501156	0.000673	0.840764	0.147483	0.005263	0.005817	0.988247	0.981425	0	0.942125	0.078409	0.553375	0
FACS_M059K_U_15_S210	M059K_U	32270	24032	103156	0.232967544	10	2422110	2404112	11880	1600997	711122	37827	42286	0	0	0	3255	3477	43	0.483512	0.516488	0.004942	0.665941	0.295794	0.015734	0.017589	0.961735	0.954589	0	0.839986	0.140987	0.54512	0
FACS_M059K_U_16_S218	M059K_U	11526	10731	100510	0.106765496	22	1077633	1054044	30479	411851	272694	230184	108836	0	0	0	1545	1571	10	0.495828	0.504172	0.028916	0.390734	0.258712	0.218382	0.103256	0.649446	0.63523	0	0.924757	0.242455	0.649071	0
FACS_M059K_U_17_S226	M059K_U	21162	20448	117192	0.1744829	4	2060653	2038601	15020	1654641	260857	98212	9871	0	0	0	2461	2820	6	0.46601	0.53399	0.007368	0.811655	0.127959	0.048176	0.004842	0.939614	0.929559	0	0.849077	0.619311	0.487089	0.06606
FACS_M059K_U_18_S234	M059K_U	29058226	25401697	30017284	0.846235689	124404	2562580232	2545092193	61264	2000756133	504252503	14575781	25446512	0	0	0	4725997	4697000	55983	0.501539	0.498461	2.40E-05	0.786123	0.198127	0.005727	0.009998	0.984251	0.977534	0	0.44594	0.63728	0.661783	0.699528
FACS_M059K_U_19_S242	M059K_U	13980	13136	58568	0.2242863	18	1322758	1311420	25442	938435	281977	17045	48521	0	0	0	2652	2458	22	0.518982	0.481018	0.0194	0.715587	0.215017	0.012997	0.036999	0.930603	0.922627	0	0.874716	0.388855	0.478447	0
FACS_M059K_U_1_S193	M059K_U	5206	3924	166738	0.023533927	6	394049	389765	1606	246357	72463	58822	10517	0	0	0	721	776	0	0.48163	0.51837	0.00412	0.632065	0.185915	0.150917	0.026983	0.81798	0.809087	0	1.16993	0.302553	0.456658	0
FACS_M059K_U_20_S250	M059K_U	1005083	787212	1598758	0.492389718	96	79426509	78811309	43811	59295670	14928794	3022069	1520965	0	0	0	135615	130728	2617	0.509174	0.490826	0.000556	0.752375	0.189425	0.038346	0.019299	0.9418	0.934505	0	0.89427	0.250218	0.604629	0
FACS_M059K_U_21_S258	M059K_U	173280	115164	461404	0.249594715	18	11601297	11467809	6813	5676507	1884849	2340049	1559591	0	0	0	14190	15017	389	0.485842	0.514158	0.000594	0.494995	0.16436	0.204054	0.135997	0.659355	0.651768	0	1.035731	0.461399	0.416804	0
FACS_M059K_U_22_S266	M059K_U	15883	15313	196512	0.077923994	14	1541315	1512769	4236	339936	884050	181539	103008	0	0	0	3010	3012	9	0.499834	0.500166	0.0028	0.224711	0.584392	0.120004	0.068092	0.809103	0.794118	0	0.925772	0	0.700969	0
FACS_M059K_U_23_S274	M059K_U	26526	23366	74290	0.314524162	4	2351779	2338871	6378	1934123	118694	143401	136275	0	0	0	4601	5221	15	0.468438	0.531562	0.002727	0.826947	0.050748	0.061312	0.058265	0.877696	0.872878	0	0.708153	0.569521	0.489686	0.12283
FACS_M059K_U_24_S282	M059K_U	8168	7172	81450	0.088054021	26	719949	710555	8424	490660	151941	30832	28698	0	0	0	1322	1312	17	0.501898	0.498102	0.011856	0.690531	0.213834	0.043391	0.040388	0.904365	0.892565	0	0.864363	0.458262	0.532781	0.149194
FACS_M059K_U_25_S195	M059K_U	13715	11605	264958	0.043799395	0	1160752	1143165	3767	427862	85262	509224	117050	0	0	0	1125	1099	1	0.505845	0.494155	0.003295	0.374278	0.074584	0.445451	0.102391	0.448863	0.442062	0	0.991449	0.417	0.514825	0
FACS_M059K_U_26_S203	M059K_U	51468	46688	1793332	0.02603422	2	4704057	4623768	3026	2259109	569630	1611175	180828	0	0	0	5431	5127	8	0.514397	0.485603	0.000654	0.488586	0.123196	0.348455	0.039108	0.611782	0.60134	0	1.17162	0	0.309562	0
FACS_M059K_U_27_S211	M059K_U	47329	24936	225262	0.110697765	2	2512591	2479792	15881	1533712	616546	276625	37028	0	0	0	3932	4417	26	0.470955	0.529045	0.006404	0.618484	0.248628	0.111552	0.014932	0.867112	0.855793	0	0.999141	0	0.501817	0
FACS_M059K_U_28_S219	M059K_U	1530	1350	3270	0.412844037	2	135683	134714	13474	92964	23852	2526	1898	0	0	0	211	224	1	0.485057	0.514943	0.100019	0.690084	0.177057	0.018751	0.014089	0.867141	0.860948	0	0.753092	0.607038	0.465993	0.416959
FACS_M059K_U_29_S227	M059K_U	1366	1222	5702	0.214310768	2	122616	121712	6835	88026	22355	3354	1142	0	0	0	208	190	1	0.522613	0.477387	0.056157	0.723232	0.183671	0.027557	0.009383	0.906903	0.900217	0	1.027694	0.388093	0.394628	0
FACS_M059K_U_2_S201	M059K_U	2488	1980	19604	0.100999796	4	199020	196582	1571	109124	75454	3317	7116	0	0	0	297	270	9	0.52381	0.47619	0.007992	0.555107	0.38383	0.016873	0.036199	0.938936	0.927434	0	0.873678	0	0.860742	0
FACS_M059K_U_30_S235	M059K_U	5028	4490	14216	0.315841306	8	451401	448127	18656	320128	85949	10412	12982	0	0	0	740	806	19	0.478655	0.521345	0.041631	0.714369	0.191796	0.023234	0.028969	0.906165	0.899593	0	0.824068	0.476394	0.533049	0.383929
FACS_M059K_U_31_S243	M059K_U	14601	13654	550690	0.024794349	2	1374813	1354648	14412	506566	326570	58633	448467	0	0	0	1979	1954	5	0.503178	0.496822	0.010639	0.373947	0.241074	0.043283	0.331058	0.61502	0.606	0	0.855438	0.22536	0.472283	0.174082
FACS_M059K_U_32_S251	M059K_U	4954	4458	12296	0.362556929	8	448513	445402	24768	303912	98214	12990	5518	0	0	0	757	771	16	0.495419	0.504581	0.055608	0.682332	0.220506	0.029165	0.012389	0.902838	0.896576	0	0.826934	0.506533	0.627743	0.490066
FACS_M059K_U_33_S259	M059K_U	21814	18414	281730	0.065360451	6	1851789	1829157	5991	629865	873314	207009	112978	0	0	0	3174	3360	19	0.485767	0.514233	0.003275	0.344347	0.477441	0.113172	0.061765	0.821788	0.811744	0	0.807909	0.451429	0.83425	0.410112
FACS_M059K_U_34_S267	M059K_U	5530	4408	37698	0.11692928	0	426234	420157	5453	232115	69756	58415	54418	0	0	0	660	526	19	0.556492	0.443508	0.012978	0.552448	0.166024	0.139031	0.129518	0.718472	0.708228	0	1.046158	0.295302	0.05436	0
FACS_M059K_U_35_S275	M059K_U	1500	1300	11452	0.11351729	2	129363	128212	5623	86304	21795	6490	8000	0	0	0	175	226	3	0.436409	0.563591	0.043857	0.673135	0.169992	0.050619	0.062397	0.843127	0.835625	0	0.774975	0.02555	0.54451	0.002646
FACS_M059K_U_36_S283	M059K_U	14379	13512	105196	0.128445949	8	1286209	1280111	7409	196772	102522	511757	461651	0	0	0	574	648	21	0.469722	0.530278	0.005788	0.153715	0.080088	0.399775	0.360634	0.233803	0.232695	0	0.716474	0.421468	0.552754	0.183176
FACS_M059K_U_37_S196	M059K_U	1582	1436	8766	0.163814739	10	144524	143295	6612	102297	29831	2538	2017	0	0	0	259	263	0	0.496169	0.503831	0.046143	0.713891	0.208179	0.017712	0.014076	0.92207	0.914229	0	0.877548	0.135009	0.536244	0
FACS_M059K_U_38_S204	M059K_U	2500	2312	102682	0.022516118	8	230807	228767	6385	158097	50959	9533	3793	0	0	0	425	392	1	0.520196	0.479804	0.02791	0.691083	0.222755	0.041671	0.01658	0.913838	0.905761	0	0.830479	0.342171	0.466297	0.333333
FACS_M059K_U_39_S212	M059K_U	36024	31540	362140	0.087093389	8	3181424	3148586	33600	2056407	493356	419278	145945	0	0	0	5346	4713	149	0.531464	0.468536	0.010671	0.653121	0.156691	0.133164	0.046353	0.809812	0.801453	0	0.894465	0.499139	0.53704	0.039267
FACS_M059K_U_3_S209	M059K_U	98484	83816	223110	0.375671194	6	8452403	8400884	555492	6257534	959446	445825	182587	0	0	0	14720	15519	32	0.486789	0.513211	0.066123	0.744866	0.114208	0.053069	0.021734	0.859074	0.853838	0	0.923146	0.27612	0.335864	0
FACS_M059K_U_40_S220	M059K_U	1572484	1279560	2221084	0.576097077	22	127472133	126162433	404394	90146044	24665061	10135290	811644	0	0	0	203170	204092	1832	0.498868	0.501132	0.003205	0.714524	0.195502	0.080335	0.006433	0.910026	0.900676	0	1.094259	0.111593	0.481039	0
FACS_M059K_U_41_S228	M059K_U	55402	45492	205026	0.221884054	30	4582749	4552074	14549	2757766	624999	927196	227564	0	0	0	6969	7163	45	0.493136	0.506864	0.003196	0.605826	0.1373	0.203686	0.049991	0.743126	0.738152	0	0.915365	0.216891	0.549957	0.095238
FACS_M059K_U_42_S236	M059K_U	21746114	19861333	22860006	0.868824488	19528	2002923812	1990429459	210471359	1412853380	348232288	10904050	7968382	0	0	0	3419062	3371828	68710	0.503478	0.496522	0.105742	0.709823	0.174953	0.005478	0.004003	0.884777	0.879257	0	0.477113	0.55023	0.597198	0.668653
FACS_M059K_U_43_S244	M059K_U	535160	443902	777726	0.57076914	6048	44694115	44309007	40050	31332521	10512058	906408	1517970	0	0	0	85254	83632	638	0.504802	0.495198	0.000904	0.707137	0.237244	0.020457	0.034259	0.944381	0.936244	0	0.966217	0.219643	0.575465	0
FACS_M059K_U_44_S252	M059K_U	21016	19922	469950	0.042391744	36	2008320	1989015	62096	1170315	476551	96723	183330	0	0	0	3101	3140	37	0.496876	0.503124	0.031219	0.588389	0.239591	0.048629	0.092171	0.827981	0.820022	0	0.804886	0.439322	0.575714	0.118816
FACS_M059K_U_45_S260	M059K_U	30326452	27661168	32389064	0.854028014	431076	2791158800	2770462385	3068827	2130330292	561956892	17798064	57308310	0	0	0	5065942	4940567	67290	0.506265	0.493735	0.001108	0.768944	0.202839	0.006424	0.020685	0.971783	0.964577	0	0.439787	0.61832	0.659119	0.736004
FACS_M059K_U_46_S268	M059K_U	6670	6306	230544	0.027352696	18	632717	624367	96965	281645	57258	125179	63320	0	0	0	778	725	7	0.517631	0.482369	0.155301	0.451089	0.091706	0.200489	0.101415	0.542795	0.535631	0	0.854744	0.47274	0.984888	0.449787
FACS_M059K_U_47_S276	M059K_U	2576	2316	5656	0.409476662	14	223619	222324	7030	157288	44381	6638	6987	0	0	0	401	375	8	0.516753	0.483247	0.031621	0.707472	0.199623	0.029857	0.031427	0.907095	0.901842	0	0.882339	0.493812	0.342479	0.271277
FACS_M059K_U_48_S284	M059K_U	57148	54208	211006	0.256902647	22	5434406	5382922	15232	1663660	531521	1901348	1271161	0	0	0	3129	4484	53	0.411007	0.588993	0.00283	0.309063	0.098742	0.353219	0.236147	0.407805	0.403941	0	0.889263	0.277026	0.514402	0.128434
FACS_M059K_U_49_S197	M059K_U	1202	1100	51094	0.021528947	0	108842	106981	2216	60892	17984	11958	13931	0	0	0	165	162	1	0.504587	0.495413	0.020714	0.569185	0.168105	0.111777	0.130219	0.73729	0.724683	0	1.003269	0	0.629104	0
FACS_M059K_U_4_S217	M059K_U	4214	3278	98716	0.03320637	0	328791	325012	16418	204963	49926	31530	22175	0	0	0	229	237	2	0.491416	0.508584	0.050515	0.630632	0.153613	0.097012	0.068228	0.784245	0.775231	0	0.842241	0.19469	0.653633	0.366968
FACS_M059K_U_50_S205	M059K_U	1372	1230	2502	0.491606715	0	122730	121545	3604	82329	23667	6086	5859	0	0	0	205	192	4	0.516373	0.483627	0.029652	0.677354	0.194718	0.050072	0.048204	0.872072	0.863652	0	1.020294	0.219471	0.327024	0
FACS_M059K_U_51_S213	M059K_U	17752	12354	301100	0.041029558	0	1242323	1226604	2416	794554	356864	59832	12938	0	0	0	2290	2311	30	0.497718	0.502282	0.00197	0.647767	0.290937	0.048779	0.010548	0.938704	0.926827	0	0.93168	0.395275	0.310472	0
FACS_M059K_U_52_S221	M059K_U	11076	10584	312202	0.033901128	0	1062282	1049093	20374	140169	27207	661439	199904	0	0	0	287	240	1	0.544592	0.455408	0.019421	0.13361	0.025934	0.630487	0.190549	0.159544	0.157563	0	0.920024	0.288113	0.211839	0.034413
FACS_M059K_U_53_S229	M059K_U	2164	1926	34382	0.056017684	0	191197	187912	3970	49518	54453	36819	43152	0	0	0	198	194	4	0.505102	0.494898	0.021127	0.263517	0.289779	0.195937	0.229639	0.553296	0.54379	0	1.135384	0.257926	0.231251	0
FACS_M059K_U_54_S237	M059K_U	16144	15246	172234	0.088519108	0	1533493	1514113	9326	561529	114821	335392	493045	0	0	0	1393	1342	292	0.509324	0.490676	0.006159	0.370863	0.075834	0.221511	0.325633	0.446697	0.441052	0	0.862168	0.327367	0.646484	0.181701
FACS_M059K_U_55_S245	M059K_U	31446	27216	162848	0.167125172	2	2744307	2710756	53551	1584548	814739	89179	168739	0	0	0	3557	3853	9	0.480027	0.519973	0.019755	0.584541	0.300558	0.032898	0.062248	0.885099	0.874278	0	0.921434	0.496322	0.430751	0
FACS_M059K_U_56_S253	M059K_U	10118	7978	119496	0.066763741	6	801864	793110	12416	308748	99242	271398	101306	0	0	0	721	649	16	0.526277	0.473723	0.015655	0.389288	0.12513	0.342195	0.127733	0.514418	0.508802	0	0.857149	0.351571	0.610975	0.267623
FACS_M059K_U_57_S261	M059K_U	17956	17252	133456	0.129271071	8	1737096	1713564	301983	659369	298718	89344	364150	0	0	0	2481	2124	12	0.538762	0.461238	0.176231	0.384794	0.174326	0.052139	0.21251	0.559119	0.551545	0	0.802055	0.31836	0.332633	0.42291
FACS_M059K_U_58_S269	M059K_U	17273	15296	182720	0.083712785	0	1542247	1525771	968	1270953	127330	102682	23838	0	0	0	2764	2299	5	0.545921	0.454079	0.000634	0.832991	0.083453	0.067298	0.015624	0.916444	0.906653	0	0.993781	0.453684	0.801722	0.244094
FACS_M059K_U_59_S277	M059K_U	2511876	2107896	3342358	0.630661347	5014	212717001	211364304	189161	155017275	48038099	5331940	2787829	0	0	0	392514	387643	5166	0.503122	0.496878	0.000895	0.733413	0.227276	0.025226	0.01319	0.960689	0.95458	0	0.826486	0.204964	0.723256	0
FACS_M059K_U_5_S225	M059K_U	34218	28854	72146	0.399939013	4	2905948	2880068	5816	1879022	882991	55519	56720	0	0	0	4864	4820	1	0.502272	0.497728	0.002019	0.652423	0.306587	0.019277	0.019694	0.95901	0.950469	0	1.079077	0.012524	0.19152	0
FACS_M059K_U_60_S285	M059K_U	36064	34994	181088	0.193243064	0	3528288	3478119	3608	2453486	865289	70088	85648	0	0	0	6652	6323	3	0.512678	0.487322	0.001037	0.705406	0.248781	0.020151	0.024625	0.954187	0.940619	0	0.75426	0.502317	0.583075	0.178892
FACS_M059K_U_61_S198	M059K_U	5835323	4814870	6889498	0.698870948	744	485629524	480658684	34260726	321753825	107536605	12284041	4823487	0	0	0	802356	791700	20713	0.503342	0.496658	0.071279	0.669402	0.223728	0.025557	0.010035	0.893129	0.883988	0	1.48296	0	0.676677	0
FACS_M059K_U_62_S206	M059K_U	22370	21878	975652	0.022423979	6	2204672	2184636	22491	1144798	638970	300112	78265	0	0	0	3768	3660	32	0.50727	0.49273	0.010295	0.524022	0.292484	0.137374	0.035825	0.816506	0.809085	0	0.923895	0.44021	0.423772	0
FACS_M059K_U_63_S214	M059K_U	9922156	8927381	11447974	0.779821914	5954	900786492	893516741	32684989	566361710	186316824	92912628	15240590	0	0	0	1474163	1459794	32019	0.502449	0.497551	0.03658	0.633857	0.208521	0.103985	0.017057	0.842378	0.835579	0	0.686685	0.580074	0.437443	0.125534
FACS_M059K_U_64_S222	M059K_U	22044987	20304786	25591400	0.793422243	22872	2047895836	2034119624	436832117	1068184371	308191959	176118696	44792481	0	0	0	2749916	2783429	102252	0.496972	0.503028	0.214752	0.525134	0.151511	0.086582	0.022021	0.676645	0.672093	0	0.447931	0.588229	0.678314	0.68771
FACS_M059K_U_65_S230	M059K_U	8627126	8124289	9712274	0.836497096	18896	819230713	813395377	216693008	463816794	108106434	17583137	7196004	0	0	0	1118005	1133108	23392	0.496645	0.503355	0.266406	0.570223	0.132908	0.021617	0.008847	0.703131	0.698122	0	0.528211	0.610426	0.570775	0.626319
FACS_M059K_U_66_S238	M059K_U	34195	32184	155460	0.207024315	54	3243006	3201022	82066	1342873	1328192	107965	339926	0	0	0	5616	5256	46	0.516556	0.483444	0.025637	0.419514	0.414927	0.033728	0.106193	0.834441	0.823639	0	0.786833	0.523826	0.537461	0.341172
FACS_M059K_U_67_S246	M059K_U	12962	12354	1276808	0.009675691	10	1242748	1226647	54307	749304	276990	126578	19468	0	0	0	1439	1510	23	0.487962	0.512038	0.044273	0.610855	0.225811	0.10319	0.015871	0.836666	0.825826	0	0.834069	0.455417	0.642814	0.143914
FACS_M059K_U_68_S254	M059K_U	23292	21884	3112538	0.007030918	40	2205206	2184867	124558	1080714	307739	590750	81106	0	0	0	2701	2761	54	0.494508	0.505492	0.057009	0.494636	0.14085	0.270383	0.037122	0.635486	0.629625	0	0.781809	0.556103	0.624583	0.519994
FACS_M059K_U_69_S262	M059K_U	66869	50248	286762	0.175225448	26	5069588	5026015	38447	3699789	942278	58056	287445	0	0	0	9221	10665	10	0.463693	0.536307	0.00765	0.736128	0.18748	0.011551	0.057191	0.923608	0.915669	0	0.823019	0.43467	0.519432	0.259574
FACS_M059K_U_6_S233	M059K_U	248898	168478	320632	0.525455974	18	16982648	16836161	30933	11567209	3347375	759592	1131052	0	0	0	27062	25922	117	0.510758	0.489242	0.001837	0.687046	0.198821	0.045117	0.06718	0.885866	0.878225	0	1.025208	0.151032	0.46682	0
FACS_M059K_U_70_S270	M059K_U	30598	30156	1402050	0.021508505	12	3041253	2999446	923732	799571	757122	416952	102069	0	0	0	4229	3532	10	0.544904	0.455096	0.307968	0.266573	0.252421	0.13901	0.034029	0.518994	0.511859	0	0.87792	0.29022	0.484338	0.092784
FACS_M059K_U_71_S278	M059K_U	20702	19452	138006	0.140950393	26	1959958	1939243	31816	751602	744230	311587	100008	0	0	0	2215	2095	195	0.513921	0.486079	0.016406	0.387575	0.383773	0.160675	0.051571	0.771348	0.763196	0	0.821492	0.583346	0.507331	0.235772
FACS_M059K_U_72_S286	M059K_U	46793714	42651639	50162978	0.850261302	420007	4302540960	4269745957	1140357	3170282626	1004097572	29852454	64372948	0	0	0	7714712	7569652	120093	0.504745	0.495255	0.000267	0.742499	0.235166	0.006992	0.015077	0.977665	0.970213	0	0.407698	0.612562	0.735939	0.670208
FACS_M059K_U_73_S199	M059K_U	5800	5182	128684	0.040269187	2	520939	513794	24005	142726	48060	106943	192060	0	0	0	369	373	16	0.497305	0.502695	0.046721	0.277788	0.093539	0.208144	0.373807	0.371328	0.366235	0	0.839479	0.433437	0.594653	0.338983
FACS_M059K_U_74_S207	M059K_U	11776	8626	75190	0.114722702	2	868532	856674	30862	480656	208868	39209	97079	0	0	0	1311	1346	17	0.493414	0.506586	0.036025	0.561072	0.243813	0.045769	0.113321	0.804885	0.793896	0	0.7891	0.449056	0.627692	0.318841
FACS_M059K_U_75_S215	M059K_U	24804	21390	107358	0.199239926	6	2155360	2134602	42045	1552913	419977	98582	21085	0	0	0	2405	2287	19	0.512575	0.487425	0.019697	0.727495	0.196747	0.046183	0.009878	0.924243	0.915341	0	0.814948	0.534545	0.60065	0.299595
FACS_M059K_U_76_S223	M059K_U	14642	11718	65348	0.179316888	6	1181278	1168566	89252	715514	250527	79250	34023	0	0	0	1995	1892	23	0.513249	0.486751	0.076377	0.612301	0.214388	0.067818	0.029115	0.826689	0.817793	0	0.778807	0.459748	0.491574	0.359223
FACS_M059K_U_77_S231	M059K_U	1600334	1329120	2139480	0.621235066	2120	134124417	133123404	7269749	81557084	39428961	3786090	1081520	0	0	0	236855	233610	5118	0.503449	0.496551	0.054609	0.612643	0.296184	0.02844	0.008124	0.908826	0.902043	0	0.951097	0.313438	0.597933	0
FACS_M059K_U_78_S239	M059K_U	25436	21532	674634	0.031916565	22	2169622	2152998	133160	1111015	378009	303402	227412	0	0	0	2764	2759	107	0.500453	0.499547	0.061849	0.516032	0.175573	0.140921	0.105626	0.691605	0.686306	0	0.77194	0.547433	0.636289	0.347107
FACS_M059K_U_79_S247	M059K_U	38895048	35436641	40596730	0.872893974	29592	3572931004	3548663390	505310451	2245149392	650915083	99414074	47874390	0	0	0	5584813	5570385	183714	0.500647	0.499353	0.142395	0.632675	0.183425	0.028015	0.013491	0.8161	0.810557	0	0.406255	0.622003	0.70032	0.731065
FACS_M059K_U_7_S241	M059K_U	2776	2528	26698	0.094688741	4	254233	251917	26921	127953	41126	20762	35155	0	0	0	350	313	13	0.527903	0.472097	0.106865	0.507917	0.163252	0.082416	0.13955	0.671169	0.665055	0	0.763116	0.399616	0.648724	0.576885
FACS_M059K_U_80_S255	M059K_U	28938837	26413635	30298922	0.871768144	30244	2664305418	2646446329	338384477	1560082628	588125626	118823971	41029627	0	0	0	4221721	4190492	110645	0.501856	0.498144	0.127864	0.589501	0.222232	0.044899	0.015504	0.811733	0.806292	0	0.404715	0.608305	0.713054	0.71726
FACS_M059K_U_81_S263	M059K_U	1356598	1019398	2350572	0.433680823	6936	102831561	101757600	40061	65578850	33232487	1888679	1017523	0	0	0	203438	210836	1180	0.491071	0.508929	0.000394	0.644461	0.326585	0.018561	0.009999	0.971046	0.960905	0	1.119007	0.000569	0.780108	0
FACS_M059K_U_82_S271	M059K_U	4883	4429	102006	0.043419015	2	440361	431282	20175	106176	41424	147092	116415	0	0	0	286	291	5	0.495667	0.504333	0.046779	0.246187	0.096049	0.341058	0.269928	0.342235	0.33518	0	0.771217	0.392055	0.473425	0.066225
FACS_M059K_U_83_S279	M059K_U	16968	16046	144944	0.110704824	4	1615967	1594399	33903	1169420	300471	24354	66251	0	0	0	1744	1444	26	0.547051	0.452949	0.021264	0.733455	0.188454	0.015275	0.041552	0.921909	0.909605	0	0.719569	0.604583	0.531472	0.462232
FACS_M059K_U_84_S287	M059K_U	1293634	1110450	1811778	0.612906217	2714	112017206	111181177	53723	63924820	37521844	7144063	2536727	0	0	0	186902	188048	5030	0.498472	0.501528	0.000483	0.574961	0.337484	0.064256	0.022816	0.912445	0.905635	0	0.905892	0.197728	0.673118	0
FACS_M059K_U_85_S200	M059K_U	43446	42246	212124	0.199157097	0	4255308	4196144	4602	1317980	1634962	769245	469355	0	0	0	6426	5939	14	0.519693	0.480307	0.001097	0.314093	0.389634	0.183322	0.111854	0.703728	0.693943	0	1.030813	0	1.052212	0
FACS_M059K_U_86_S208	M059K_U	2435	2146	127200	0.016871069	2	215575	212445	7024	94690	32625	45043	33063	0	0	0	261	223	8	0.539256	0.460744	0.033063	0.445715	0.153569	0.212022	0.155631	0.599285	0.590583	0	0.776611	0.533867	0.25331	0.146597
FACS_M059K_U_87_S216	M059K_U	3968	3280	68318	0.048010773	0	329751	325195	9478	175273	88061	7326	45057	0	0	0	520	607	4	0.461402	0.538598	0.029146	0.538978	0.270794	0.022528	0.138554	0.809773	0.798584	0	1.13836	0.08468	1.028779	0
FACS_M059K_U_88_S224	M059K_U	25818	19376	86142	0.224930928	0	1949843	1933805	190713	895583	700760	35784	110965	0	0	0	2164	2196	102	0.49633	0.50367	0.098621	0.46312	0.362374	0.018504	0.057382	0.825493	0.818703	0	0.9253	0.450979	0.424911	0.1691
FACS_M059K_U_89_S232	M059K_U	826764	740923	1696602	0.436709965	886	74765259	74143891	559322	54882653	16838872	1133281	729763	0	0	0	142271	140726	2414	0.50273	0.49727	0.007544	0.740218	0.227111	0.015285	0.009843	0.967329	0.959289	0	0.865313	0.366331	0.603856	0
FACS_M059K_U_8_S249	M059K_U	5056	4594	45052	0.101971056	10	461754	458391	40785	265637	89087	51567	11315	0	0	0	720	653	17	0.524399	0.475601	0.088974	0.579499	0.194347	0.112496	0.024684	0.773846	0.76821	0	0.769628	0.618973	0.545583	0.575185
FACS_M059K_U_90_S240	M059K_U	21459590	19021978	22479486	0.846192747	18906	1919305020	1905949551	184764185	1351888998	350651407	8243546	10401415	0	0	0	3289557	3303175	73728	0.498967	0.501033	0.096941	0.709299	0.183977	0.004325	0.005457	0.893277	0.887061	0	0.453248	0.626221	0.667869	0.708694
FACS_M059K_U_91_S248	M059K_U	135701	106859	196394	0.544105217	4	10773627	10667421	25639	7254996	2662503	644881	79402	0	0	0	17858	17419	180	0.506222	0.493778	0.002403	0.680108	0.249592	0.060453	0.007443	0.9297	0.920535	0	0.999278	0.224785	0.730468	0
FACS_M059K_U_92_S256	M059K_U	19244	18388	416000	0.044201923	6	1852419	1830120	52066	1227666	185809	141227	223352	0	0	0	3261	3237	21	0.501847	0.498153	0.02845	0.670812	0.101528	0.077168	0.122042	0.77234	0.763043	0	0.776348	0.439837	0.514929	0.470789
FACS_M059K_U_93_S264	M059K_U	4132	3374	78634	0.042907648	12	339194	334015	7871	115563	38274	99876	72431	0	0	0	305	297	4	0.506645	0.493355	0.023565	0.345981	0.114588	0.299017	0.21685	0.460569	0.453537	0	0.775886	0.294597	0.41436	0.176471
FACS_M059K_U_94_S272	M059K_U	5898	5438	87244	0.062330934	0	546591	537521	2534	186465	118310	148266	81946	0	0	0	763	720	3	0.514498	0.485502	0.004714	0.346898	0.220103	0.275833	0.152452	0.567001	0.557592	0	1.087504	0.088064	0	0
FACS_M059K_U_95_S280	M059K_U	4554	3472	136180	0.025495667	0	349798	344792	5408	94953	159571	47123	37737	0	0	0	611	532	5	0.534558	0.465442	0.015685	0.275392	0.462804	0.136671	0.109449	0.738196	0.727631	0	1.044556	0.542006	0.577039	0.111148
FACS_M059K_U_96_S288	M059K_U	2248	2036	5636	0.361249113	10	204740	203159	13001	135509	47037	3687	3925	0	0	0	338	353	5	0.489146	0.510854	0.063994	0.66701	0.231528	0.018148	0.01932	0.898538	0.891599	0	0.808965	0.599454	0.497004	1.038961
FACS_M059K_U_9_S257	M059K_U	119334	94196	265726	0.354485447	14	9495562	9420958	1010	6473633	2366790	537635	41890	0	0	0	14266	13966	105	0.505313	0.494687	0.000107	0.687152	0.251226	0.057068	0.004446	0.938378	0.931006	0	1.158082	0	0.534806	0