5949146
4707954
4270856
3982848
3817139
3460632
3448496
3211668
3051636
2982969
2944081
2924558
2921368
2883827
2671403
2648503
2507799
2462389
2425985
2328222
2234998
2233382
2208677
2164382
1983247
1775731
1732269
1681131
1589351
1558141
1283674
1271172
1243503
1237893
1227522
1188881
1180903
1123172
1031177
912235
896840
896440
830289
815760
790843
774492
768069
751004
748653
723993
712184
694384
669655
663692
566703
565695
552936
546849
492889
456441
446787
440404
425918
403559
403452
385786
381139
348341
310209
309938
293452
289639
288269
280478
265591
252295
245230
241742
240410
232644
230902
228364
224791
219305
209524
206329
195432
184864
182962
182746
178661
157500
155949
151114
139967
136531
115520
104665
100756
91805
78113
76577
74416
73567
70691
67523
63507
63452
58311
52542
51766
51046
50831
49700
49534
47326
46862
44344
39566
37805
36044
35385
34533
33349
33035
32448
31746
31705
31242
30735
29476
29144
27936
27650
26911
26483
24869
24620
23459
22622
22558
21747
21643
21127
19966
19555
19058
19029
18785
18353
17398
16042
15162
14018
13642
13154
12603
12441
11646
11596
11572
11565
11307
11173
11115
11028
10902
10646
10458
10414
10177
10128
9699
9417
9215
9115
8983
8652
8285
8218
8195
8134
7986
7746
7739
7737
7725
7484
7422
7340
7234
7086
7070
7025
6955
6889
6854
6667
6554
6498
6423
6360
6111
6038
5980
5699
5697
5647
5533
5382
5371
5317
5268
5226
5005
4860
4815
4775
4701
4684
4636
4595
4584
4581
4314
4190
4173
4152
4138
4078
3912
3905
3902
3864
3857
3845
3761
3713
3680
3654
3618
3592
3568
3414
3414
3225
3145
3143
3143
3118
3067
3059
2949
2915
2902
2869
2855
2854
2776
2773
2752
2587
2564
2552
2511
2492
2438
2410
2380
2360
2350
2306
2288
2285
2268
2211
2188
2088
1973
1968
1912
1895
1871
1851
1830
1817
1810
1787
1756
1721
1719
1719
1698
1679
1670
1630
1607
1605
1600
1562
1520
1478
1467
1452
1372
1371
1349
1328
1294
1288
1279
1270
1266
1219
1191
1187
1174
1172
1154
1138
1126
1117
1075
1059
1034
1028
1018
1012
929
919
908
877
863
859
856
845
836
828
825
789
772
714
649
648
648
641
604
564
522
516
507
504
500
489
484
454
451
431
427
401
394
385
364
355
323
322
304
297
284
269
237
221
188
186
147
144
144
135
129
103
100
93
80
63
